-2.66715479e-03 -7.42200044e-06 -9.99996443e-01 3.01329986e-01
-3.37366758e-05 9.99999999e-01 -7.33204558e-06 -1.08050323e-06
9.99996443e-01 3.37170001e-05 -2.66715504e-03 7.04002999e-01
0.00000000e+00 0.00000000e+00 0.00000000e+00 1.00000000e+00
-4.98899849e-02 9.97338785e-01 5.31633108e-02 -6.27334084e-02
9.36936208e-01 6.51718721e-02 -3.43370308e-01 -1.27844378e-02
-3.45921279e-01 3.26798914e-02 -9.37694243e-01 3.74802363e-01
0.00000000e+00 0.00000000e+00 0.00000000e+00 1.00000000e+00
9.20472416e-01 -5.79438143e-05 3.90807534e-01 6.31692069e-01
3.85139566e-05 9.99999998e-01 5.75546210e-05 -1.61752697e-05
-3.90807536e-01 -3.79258966e-05 9.20472416e-01 6.58106168e-01
0.00000000e+00 0.00000000e+00 0.00000000e+00 1.00000000e+00
-2.66715479e-03 -7.42200044e-06 -9.99996443e-01 3.01329986e-01
-3.37366758e-05 9.99999999e-01 -7.33204558e-06 -1.08050323e-06
9.99996443e-01 3.37170001e-05 -2.66715504e-03 7.04002999e-01
0.00000000e+00 0.00000000e+00 0.00000000e+00 1.00000000e+00
-4.99824268e-02 9.97368735e-01 5.25105988e-02 -6.27346994e-02
9.36916374e-01 6.50352611e-02 -3.43450322e-01 -1.27803861e-02
-3.45961654e-01 3.20315593e-02 -9.37701719e-01 3.74813851e-01
0.00000000e+00 0.00000000e+00 0.00000000e+00 1.00000000e+00
9.20472416e-01 -5.46717630e-05 3.90807534e-01 6.31692069e-01
3.85139566e-05 9.99999998e-01 4.91820822e-05 -1.61752697e-05
-3.90807536e-01 -3.02192056e-05 9.20472416e-01 6.58106168e-01
0.00000000e+00 0.00000000e+00 0.00000000e+00 1.00000000e+00
-2.66715479e-03 -7.42200044e-06 -9.99996443e-01 3.01329986e-01
-3.37366758e-05 9.99999999e-01 -7.33204558e-06 -1.08050323e-06
9.99996443e-01 3.37170001e-05 -2.66715504e-03 7.04002999e-01
0.00000000e+00 0.00000000e+00 0.00000000e+00 1.00000000e+00
-4.99638669e-02 9.97371202e-01 5.24813989e-02 -6.27335919e-02
9.37076839e-01 6.49930196e-02 -3.43020270e-01 -1.27733398e-02
-3.45529464e-01 3.20404843e-02 -9.37860756e-01 3.74847666e-01
0.00000000e+00 0.00000000e+00 0.00000000e+00 1.00000000e+00
9.20472416e-01 -5.44679702e-05 3.90807534e-01 6.31692069e-01
3.85139566e-05 9.99999998e-01 4.86606162e-05 -1.61752697e-05
-3.90807536e-01 -2.97392106e-05 9.20472416e-01 6.58106168e-01
0.00000000e+00 0.00000000e+00 0.00000000e+00 1.00000000e+00
-2.67306624e-03 7.53381375e-06 -9.99996427e-01 3.01329134e-01
-4.14023128e-05 9.99999999e-01 7.64451218e-06 -2.11024951e-06
9.99996426e-01 4.14225992e-05 -2.67306593e-03 7.04004781e-01
0.00000000e+00 0.00000000e+00 0.00000000e+00 1.00000000e+00
-4.98717424e-02 9.97352806e-01 5.29168202e-02 -6.27404800e-02
9.36909518e-01 6.50724850e-02 -3.43461972e-01 -1.27768980e-02
-3.45996190e-01 3.24492255e-02 -9.37674615e-01 3.74795884e-01
0.00000000e+00 0.00000000e+00 0.00000000e+00 1.00000000e+00
9.20102840e-01 -5.84423158e-05 3.91676857e-01 6.34860011e-01
4.21987002e-05 9.99999998e-01 5.00799867e-05 -1.81957891e-05
-3.91676859e-01 -2.95504837e-05 9.20102841e-01 6.61722680e-01
0.00000000e+00 0.00000000e+00 0.00000000e+00 1.00000000e+00
-2.66668341e-03 7.53407814e-06 -9.99996444e-01 3.01329412e-01
-4.14022944e-05 9.99999999e-01 7.64451213e-06 -2.11024871e-06
9.99996444e-01 4.14225327e-05 -2.66668309e-03 7.04002857e-01
0.00000000e+00 0.00000000e+00 0.00000000e+00 1.00000000e+00
-5.02265435e-02 9.97902788e-01 4.08328322e-02 -6.46655644e-02
9.31824294e-01 6.15354202e-02 -3.57654689e-01 -6.37459654e-02
-3.59417277e-01 2.00852662e-02 -9.32960773e-01 4.29026144e-01
0.00000000e+00 0.00000000e+00 0.00000000e+00 1.00000000e+00
9.17791704e-01 -2.41083438e-04 3.97062123e-01 6.89174301e-01
-1.67919237e-04 9.99999491e-01 9.95305709e-04 2.70700349e-06
-3.97062161e-01 -9.80157691e-04 9.17791196e-01 7.14222541e-01
0.00000000e+00 0.00000000e+00 0.00000000e+00 1.00000000e+00
-2.64467414e-03 3.49406098e-06 -9.99996503e-01 3.01331725e-01
-4.13875624e-05 9.99999999e-01 3.60353019e-06 -3.78155371e-06
9.99996502e-01 4.13969478e-05 -2.64467399e-03 7.03996225e-01
0.00000000e+00 0.00000000e+00 0.00000000e+00 1.00000000e+00
-4.98833283e-02 9.98042033e-01 3.77326771e-02 -6.77018295e-02
9.28730330e-01 6.02497872e-02 -3.65827743e-01 -1.18949730e-01
-3.67384850e-01 1.67947763e-02 -9.29917366e-01 5.07158768e-01
0.00000000e+00 0.00000000e+00 0.00000000e+00 1.00000000e+00
9.14161650e-01 -1.11518795e-03 4.05348288e-01 7.80150285e-01
1.25191835e-04 9.99996945e-01 2.46883729e-03 -1.26754758e-05
-4.05349802e-01 -2.20617007e-03 9.14158996e-01 7.72037088e-01
0.00000000e+00 0.00000000e+00 0.00000000e+00 1.00000000e+00
-2.63246319e-03 -6.37796977e-06 -9.99996535e-01 3.01327596e-01
-4.13479642e-05 9.99999999e-01 -6.26914449e-06 -8.31789840e-06
9.99996534e-01 4.13313177e-05 -2.63246345e-03 7.03992545e-01
0.00000000e+00 0.00000000e+00 0.00000000e+00 1.00000000e+00
-4.74480377e-02 9.98001118e-01 4.17426817e-02 -7.59661016e-02
9.26655505e-01 5.95802940e-02 -3.71160025e-01 -1.81919053e-01
-3.72905161e-01 2.10702709e-02 -9.27630198e-01 7.14402296e-01
0.00000000e+00 0.00000000e+00 0.00000000e+00 1.00000000e+00
9.06760210e-01 -4.31858352e-03 4.21624561e-01 9.96647726e-01
2.68772115e-03 9.99986432e-01 4.46227877e-03 -1.94618376e-04
-4.21638111e-01 -2.91300759e-03 9.06759515e-01 8.18887723e-01
0.00000000e+00 0.00000000e+00 0.00000000e+00 1.00000000e+00
-2.59679381e-03 1.02623689e-05 -9.99996628e-01 3.01326903e-01
-4.13053858e-05 9.99999999e-01 1.03696654e-05 -1.33317395e-05
9.99996627e-01 4.13321745e-05 -2.59679338e-03 7.03984599e-01
0.00000000e+00 0.00000000e+00 0.00000000e+00 1.00000000e+00
-4.64956254e-02 9.97786690e-01 4.75381802e-02 -8.59114492e-02
9.20296931e-01 6.12936845e-02 -3.86389237e-01 -1.39366915e-01
-3.88447828e-01 2.57838322e-02 -9.21109917e-01 9.58206924e-01
0.00000000e+00 0.00000000e+00 0.00000000e+00 1.00000000e+00
8.98976450e-01 -7.95756552e-03 4.37924672e-01 1.22306701e+00
6.94131802e-03 9.99968220e-01 3.92129356e-03 -5.12544088e-04
-4.37941959e-01 -4.85376150e-04 8.99003117e-01 7.59055094e-01
0.00000000e+00 0.00000000e+00 0.00000000e+00 1.00000000e+00
-2.58965272e-03 1.82228419e-05 -9.99996647e-01 3.01324859e-01
-5.08643479e-05 9.99999999e-01 1.83546244e-05 -1.73483232e-05
9.99996646e-01 5.09117094e-05 -2.58965179e-03 7.03982447e-01
0.00000000e+00 0.00000000e+00 0.00000000e+00 1.00000000e+00
-4.81897943e-02 9.97618146e-01 4.93536103e-02 -9.09918672e-02
9.14400742e-01 6.39451012e-02 -3.99727790e-01 -6.30660192e-02
-4.01931619e-01 2.58661779e-02 -9.15304274e-01 1.08064277e+00
0.00000000e+00 0.00000000e+00 0.00000000e+00 1.00000000e+00
8.94824482e-01 -9.18256653e-03 4.46323679e-01 1.32539941e+00
9.11730555e-03 9.99955806e-01 2.29378931e-03 -6.79611017e-04
-4.46325017e-01 2.01673052e-03 8.94868656e-01 6.86329492e-01
0.00000000e+00 0.00000000e+00 0.00000000e+00 1.00000000e+00
-2.58163613e-03 1.17820248e-05 -9.99996668e-01 3.01325787e-01
-5.85241844e-05 9.99999998e-01 1.19331527e-05 -1.91105437e-05
9.99996666e-01 5.85547965e-05 -2.58163544e-03 7.03980031e-01
0.00000000e+00 0.00000000e+00 0.00000000e+00 1.00000000e+00
-4.82061789e-02 9.97237289e-01 5.65150809e-02 -9.36124505e-02
9.15661228e-01 6.67259689e-02 -3.96373763e-01 -3.33163395e-03
-3.99049720e-01 3.26410039e-02 -9.16348125e-01 1.14026546e+00
0.00000000e+00 0.00000000e+00 0.00000000e+00 1.00000000e+00
8.92006018e-01 -9.54723290e-03 4.51922686e-01 1.38465971e+00
1.03787167e-02 9.99945935e-01 6.39133630e-04 -7.78938404e-04
-4.51904355e-01 4.12026648e-03 8.92056880e-01 6.22118477e-01
0.00000000e+00 0.00000000e+00 0.00000000e+00 1.00000000e+00
-2.55591108e-03 1.49022620e-07 -9.99996734e-01 3.01329289e-01
-2.02066214e-05 1.00000000e+00 2.00669603e-07 -1.27682211e-05
9.99996733e-01 2.02070683e-05 -2.55591107e-03 7.03972279e-01
0.00000000e+00 0.00000000e+00 0.00000000e+00 1.00000000e+00
-4.94123240e-02 9.97439311e-01 5.17034151e-02 -9.42811431e-02
9.11231766e-01 6.62149810e-02 -4.06536893e-01 1.54158377e-02
-4.08919419e-01 2.70258616e-02 -9.12170221e-01 1.15600430e+00
0.00000000e+00 0.00000000e+00 0.00000000e+00 1.00000000e+00
8.91663834e-01 -9.50245958e-03 4.52598398e-01 1.39053314e+00
1.04235088e-02 9.99945568e-01 4.58853921e-04 -7.79676458e-04
-4.52578123e-01 4.30851993e-03 8.91714348e-01 6.14432766e-01
0.00000000e+00 0.00000000e+00 0.00000000e+00 1.00000000e+00
-2.56429667e-03 4.31167507e-06 -9.99996712e-01 3.01328685e-01
-3.92150481e-05 9.99999999e-01 4.41224859e-06 -1.54294077e-05
9.99996711e-01 3.92262335e-05 -2.56429650e-03 7.03972278e-01
0.00000000e+00 0.00000000e+00 0.00000000e+00 1.00000000e+00
-4.91391671e-02 9.97290119e-01 5.47518130e-02 -9.42912944e-02
9.11249462e-01 6.72077027e-02 -4.06334275e-01 1.53778162e-02
-4.08912901e-01 2.99256322e-02 -9.12082614e-01 1.15607511e+00
0.00000000e+00 0.00000000e+00 0.00000000e+00 1.00000000e+00
8.91674046e-01 -9.55419942e-03 4.52577189e-01 1.39052593e+00
1.04761978e-02 9.99945013e-01 4.69136348e-04 -7.57833031e-04
-4.52556785e-01 4.32297143e-03 8.91725108e-01 6.14439145e-01
0.00000000e+00 0.00000000e+00 0.00000000e+00 1.00000000e+00
-2.56151456e-03 4.81535932e-06 -9.99996719e-01 3.01328885e-01
-3.36164562e-05 9.99999999e-01 4.90148444e-06 -1.51671449e-05
9.99996719e-01 3.36289011e-05 -2.56151439e-03 7.03972278e-01
0.00000000e+00 0.00000000e+00 0.00000000e+00 1.00000000e+00
-2.40912554e-02 9.98888373e-01 4.05170404e-02 -1.40657543e-01
9.59022206e-01 3.45365668e-02 -2.81218124e-01 -1.08102448e-03
-2.82304834e-01 3.20818439e-02 -9.58788160e-01 1.10995917e+00
0.00000000e+00 0.00000000e+00 0.00000000e+00 1.00000000e+00
9.42866735e-01 -1.63261176e-02 3.32769858e-01 1.34950911e+00
4.35585173e-03 9.99317350e-01 3.66859694e-02 5.14821209e-02
-3.33141632e-01 -3.31404840e-02 9.42294201e-01 6.36708828e-01
0.00000000e+00 0.00000000e+00 0.00000000e+00 1.00000000e+00
-2.56261394e-03 -1.02989569e-06 -9.99996716e-01 3.01330225e-01
-3.36245316e-05 9.99999999e-01 -9.43732098e-07 -1.42121721e-05
9.99996716e-01 3.36220028e-05 -2.56261397e-03 7.03972610e-01
0.00000000e+00 0.00000000e+00 0.00000000e+00 1.00000000e+00
-2.52697190e-02 9.99647947e-01 -8.08843926e-03 -1.86489736e-01
9.89353777e-01 2.38478858e-02 -1.43563162e-01 -1.78426224e-02
-1.43319728e-01 -1.16301287e-02 -9.89608102e-01 1.04055970e+00
0.00000000e+00 0.00000000e+00 0.00000000e+00 1.00000000e+00
9.86182672e-01 -1.48596506e-02 1.64993722e-01 1.28470116e+00
8.69540655e-03 9.99239140e-01 3.80201448e-02 1.04673889e-01
-1.65433151e-01 -3.60601205e-02 9.85561536e-01 6.58975791e-01
0.00000000e+00 0.00000000e+00 0.00000000e+00 1.00000000e+00
-2.56774070e-03 -1.04995118e-05 -9.99996703e-01 3.01332459e-01
-2.97812734e-05 1.00000000e+00 -1.04230756e-05 -1.48911817e-05
9.99996703e-01 2.97544114e-05 -2.56774101e-03 7.03974155e-01
0.00000000e+00 0.00000000e+00 0.00000000e+00 1.00000000e+00
-1.66604883e-01 9.83683424e-01 6.78950303e-02 -2.27314004e-01
9.83198297e-01 1.60524184e-01 8.69085481e-02 -4.36145230e-02
7.45917038e-02 8.12336666e-02 -9.93899979e-01 8.67808565e-01
0.00000000e+00 0.00000000e+00 0.00000000e+00 1.00000000e+00
9.88262828e-01 -2.75615094e-02 -1.50256271e-01 1.13136330e+00
6.90944322e-03 9.90647661e-01 -1.36269846e-01 1.51320847e-01
1.52606826e-01 1.33632236e-01 9.79210693e-01 6.81543835e-01
0.00000000e+00 0.00000000e+00 0.00000000e+00 1.00000000e+00
-2.57623143e-03 -3.39365542e-06 -9.99996682e-01 3.01338409e-01
-3.35974631e-05 9.99999999e-01 -3.30711155e-06 -1.73164242e-05
9.99996681e-01 3.35888318e-05 -2.57623154e-03 7.03975599e-01
0.00000000e+00 0.00000000e+00 0.00000000e+00 1.00000000e+00
-5.95449987e-01 8.03355046e-01 -7.74490583e-03 -1.34421319e-01
7.66642945e-01 5.71068332e-01 2.93495409e-01 -5.01909884e-02
2.40203888e-01 1.68824260e-01 -9.55929109e-01 6.84769642e-01
0.00000000e+00 0.00000000e+00 0.00000000e+00 1.00000000e+00
9.57830789e-01 -1.13515021e-01 -2.63959315e-01 9.72933875e-01
-6.64639612e-02 8.06208674e-01 -5.87886142e-01 9.03486650e-02
2.79540197e-01 5.80639229e-01 7.64666832e-01 6.69349707e-01
0.00000000e+00 0.00000000e+00 0.00000000e+00 1.00000000e+00
-2.58919646e-03 -8.90082528e-07 -9.99996648e-01 3.01340125e-01
-3.35804111e-05 9.99999999e-01 -8.03138938e-07 -1.92266317e-05
9.99996647e-01 3.35782190e-05 -2.58919649e-03 7.03977781e-01
0.00000000e+00 0.00000000e+00 0.00000000e+00 1.00000000e+00
-9.00561256e-01 4.34583729e-01 1.12430802e-02 2.30578590e-02
4.32111766e-01 8.92006161e-01 1.32681686e-01 -2.59759602e-02
4.76324051e-02 1.24346253e-01 -9.91094932e-01 6.41650588e-01
0.00000000e+00 0.00000000e+00 0.00000000e+00 1.00000000e+00
9.96736014e-01 -6.30349406e-02 -5.04372288e-02 9.27319540e-01
-1.58167601e-02 4.60177813e-01 -8.87685874e-01 -1.07898054e-02
7.91653200e-02 8.85586233e-01 4.57678791e-01 6.33816241e-01
0.00000000e+00 0.00000000e+00 0.00000000e+00 1.00000000e+00
-2.60490922e-03 -1.56755941e-06 -9.99996607e-01 3.01341527e-01
-3.35609605e-05 9.99999999e-01 -1.48014118e-06 -2.13756111e-05
9.99996607e-01 3.35569910e-05 -2.60490927e-03 7.03979712e-01
0.00000000e+00 0.00000000e+00 0.00000000e+00 1.00000000e+00
-9.67050075e-01 2.27284911e-01 1.14698391e-01 1.07518806e-01
2.19546730e-01 9.72615979e-01 -7.62718172e-02 3.87866696e-03
-1.28892921e-01 -4.85770099e-02 -9.90468015e-01 6.76283176e-01
0.00000000e+00 0.00000000e+00 0.00000000e+00 1.00000000e+00
9.89232286e-01 6.51837933e-02 1.31036474e-01 9.35552409e-01
1.08219957e-01 2.76973863e-01 -9.54763803e-01 -6.32572647e-02
-9.85288047e-02 9.58663941e-01 2.66937300e-01 6.07177486e-01
0.00000000e+00 0.00000000e+00 0.00000000e+00 1.00000000e+00
-2.60448061e-03 -9.14924187e-06 -9.99996608e-01 3.01342872e-01
-4.12308345e-05 9.99999999e-01 -9.04188762e-06 -2.19279246e-05
9.99996607e-01 4.12071452e-05 -2.60448099e-03 7.03979583e-01
0.00000000e+00 0.00000000e+00 0.00000000e+00 1.00000000e+00
-9.60758303e-01 1.38171925e-01 2.40524433e-01 1.47061231e-01
8.55926470e-02 9.72467480e-01 -2.16750777e-01 2.81626963e-02
-2.63851061e-01 -1.87657986e-01 -9.46132706e-01 7.10419193e-01
0.00000000e+00 0.00000000e+00 0.00000000e+00 1.00000000e+00
9.47331588e-01 1.86878463e-01 2.60075570e-01 9.51724566e-01
2.25864723e-01 1.85855511e-01 -9.56265055e-01 -9.31495193e-02
-2.27041822e-01 9.64641990e-01 1.33857544e-01 5.86398808e-01
0.00000000e+00 0.00000000e+00 0.00000000e+00 1.00000000e+00
-2.60764200e-03 -7.56467585e-06 -9.99996600e-01 3.01342845e-01
-4.12265034e-05 9.99999999e-01 -7.45719724e-06 -2.24054598e-05
9.99996599e-01 4.12069175e-05 -2.60764231e-03 7.03980536e-01
0.00000000e+00 0.00000000e+00 0.00000000e+00 1.00000000e+00
-9.54386890e-01 1.20699625e-01 2.73088382e-01 1.55643663e-01
5.15481730e-02 9.67521962e-01 -2.47475330e-01 3.52650381e-02
-2.94089187e-01 -2.22110003e-01 -9.29612122e-01 7.20660949e-01
0.00000000e+00 0.00000000e+00 0.00000000e+00 1.00000000e+00
9.39613258e-01 2.03088048e-01 2.75467186e-01 9.54175583e-01
2.41390655e-01 1.77300802e-01 -9.54093799e-01 -9.63682161e-02
-2.42605600e-01 9.62974387e-01 1.17570627e-01 5.83708564e-01
0.00000000e+00 0.00000000e+00 0.00000000e+00 1.00000000e+00
-2.61185829e-03 -7.62742133e-06 -9.99996589e-01 3.01342725e-01
-5.08135384e-05 9.99999999e-01 -7.49472912e-06 -2.30957381e-05
9.99996588e-01 5.07937899e-05 -2.61185867e-03 7.03979446e-01
0.00000000e+00 0.00000000e+00 0.00000000e+00 1.00000000e+00
-9.54841039e-01 1.21017165e-01 2.71354816e-01 1.55694695e-01
5.19254476e-02 9.67204856e-01 -2.48633291e-01 3.53268399e-02
-2.92544592e-01 -2.23315050e-01 -9.29810760e-01 7.20825697e-01
0.00000000e+00 0.00000000e+00 0.00000000e+00 1.00000000e+00
9.39604076e-01 2.03025839e-01 2.75544351e-01 9.54173479e-01
2.41464614e-01 1.77348866e-01 -9.54066151e-01 -9.63654092e-02
-2.42567559e-01 9.62978654e-01 1.17614161e-01 5.83722830e-01
0.00000000e+00 0.00000000e+00 0.00000000e+00 1.00000000e+00
-2.60764261e-03 -7.62760619e-06 -9.99996600e-01 3.01342845e-01
-5.08138085e-05 9.99999999e-01 -7.49512741e-06 -2.30957458e-05
9.99996599e-01 5.07940912e-05 -2.60764300e-03 7.03980536e-01
0.00000000e+00 0.00000000e+00 0.00000000e+00 1.00000000e+00
-9.54465505e-01 1.20851255e-01 2.72746354e-01 1.55625516e-01
5.12856937e-02 9.67130774e-01 -2.49053896e-01 3.52947942e-02
-2.93879869e-01 -2.23725367e-01 -9.29290903e-01 7.20546250e-01
0.00000000e+00 0.00000000e+00 0.00000000e+00 1.00000000e+00
9.39603564e-01 2.03028286e-01 2.75544291e-01 9.54173609e-01
2.41463683e-01 1.77351118e-01 -9.54065968e-01 -9.63656805e-02
-2.42570467e-01 9.62977723e-01 1.17615785e-01 5.83724175e-01
0.00000000e+00 0.00000000e+00 0.00000000e+00 1.00000000e+00
-2.60499310e-03 -4.41611392e-06 -9.99996607e-01 3.01343226e-01
-5.08139793e-05 9.99999999e-01 -4.28375838e-06 -2.30957704e-05
9.99996606e-01 5.08026477e-05 -2.60499332e-03 7.03979737e-01
0.00000000e+00 0.00000000e+00 0.00000000e+00 1.00000000e+00
-9.75971718e-01 1.16396741e-01 1.84203706e-01 1.45660349e-01
8.53756103e-02 9.82048734e-01 -1.68200149e-01 3.29881376e-02
-2.00474965e-01 -1.48432084e-01 -9.68389232e-01 6.97106950e-01
0.00000000e+00 0.00000000e+00 0.00000000e+00 1.00000000e+00
9.79206025e-01 1.17992262e-01 1.65025411e-01 9.40681139e-01
1.42306194e-01 1.80246405e-01 -9.73272922e-01 -8.41278123e-02
-1.44583911e-01 9.76518847e-01 1.59707336e-01 5.85754035e-01
0.00000000e+00 0.00000000e+00 0.00000000e+00 1.00000000e+00
-2.60728635e-03 -1.87502064e-06 -9.99996601e-01 3.01343107e-01
-5.08138321e-05 9.99999999e-01 -1.74254035e-06 -2.30957627e-05
9.99996600e-01 5.08091161e-05 -2.60728644e-03 7.03979544e-01
0.00000000e+00 0.00000000e+00 0.00000000e+00 1.00000000e+00
-9.88571648e-01 1.41477321e-01 5.20602097e-02 1.24077195e-01
1.39713942e-01 9.89533661e-01 -3.60991575e-02 3.05953926e-02
-5.66225420e-02 -2.84130665e-02 -9.97991275e-01 6.64437398e-01
0.00000000e+00 0.00000000e+00 0.00000000e+00 1.00000000e+00
9.99562686e-01 1.63901989e-02 2.46129669e-02 9.27998110e-01
2.05281969e-02 2.14493015e-01 -9.76509775e-01 -6.64294911e-02
-2.12844989e-02 9.76587993e-01 2.14062753e-01 5.87986508e-01
0.00000000e+00 0.00000000e+00 0.00000000e+00 1.00000000e+00
-2.59893433e-03 -6.25081766e-06 -9.99996623e-01 3.01345168e-01
-4.12236510e-05 9.99999999e-01 -6.14370084e-06 -2.28014263e-05
9.99996622e-01 4.12075447e-05 -2.59893459e-03 7.03977912e-01
0.00000000e+00 0.00000000e+00 0.00000000e+00 1.00000000e+00
-9.56451615e-01 2.66183394e-01 -1.19777753e-01 7.07610300e-02
2.39897252e-01 9.50614665e-01 1.96929090e-01 3.00887523e-02
1.66281742e-01 1.59618792e-01 -9.73073596e-01 6.22185319e-01
0.00000000e+00 0.00000000e+00 0.00000000e+00 1.00000000e+00
9.58461812e-01 -1.37250839e-01 -2.50026323e-01 9.17989790e-01
-1.84691884e-01 3.69342864e-01 -9.10755047e-01 -2.73858433e-02
2.17347332e-01 9.19101766e-01 3.28651915e-01 5.92180361e-01
0.00000000e+00 0.00000000e+00 0.00000000e+00 1.00000000e+00
-2.59164793e-03 1.35776625e-06 -9.99996642e-01 3.01347050e-01
-4.12193204e-05 9.99999999e-01 1.46459713e-06 -2.33608136e-05
9.99996641e-01 4.12229777e-05 -2.59164787e-03 7.03975813e-01
0.00000000e+00 0.00000000e+00 0.00000000e+00 1.00000000e+00
-7.60925036e-01 5.86731894e-01 -2.77017642e-01 -2.27999822e-02
4.20341191e-01 7.71004591e-01 4.78398583e-01 3.51651087e-02
4.94273581e-01 2.47583534e-01 -8.33304279e-01 6.17257724e-01
0.00000000e+00 0.00000000e+00 0.00000000e+00 1.00000000e+00
8.04160031e-01 -1.61113966e-01 -5.72161633e-01 9.39906878e-01
-3.20151869e-01 6.93623490e-01 -6.45282291e-01 2.08519069e-02
5.00828738e-01 7.02088843e-01 5.06203350e-01 6.00291814e-01
0.00000000e+00 0.00000000e+00 0.00000000e+00 1.00000000e+00
-2.57693430e-03 1.81269083e-05 -9.99996680e-01 3.01350621e-01
-3.35320920e-05 9.99999999e-01 1.82133787e-05 -2.49577899e-05
9.99996679e-01 3.35789154e-05 -2.57693369e-03 7.03971567e-01
0.00000000e+00 0.00000000e+00 0.00000000e+00 1.00000000e+00
-3.63122789e-01 8.94812719e-01 -2.59715302e-01 -9.27047657e-02
6.30894391e-01 4.41250482e-01 6.38177310e-01 3.98460434e-02
6.85648676e-01 6.78837973e-02 -7.24760431e-01 6.79881685e-01
0.00000000e+00 0.00000000e+00 0.00000000e+00 1.00000000e+00
7.22105000e-01 5.49874451e-02 -6.89594627e-01 9.95143686e-01
-2.78432732e-01 9.35631646e-01 -2.16953073e-01 3.20268376e-02
6.33276861e-01 3.48668615e-01 6.90934594e-01 6.15475534e-01
0.00000000e+00 0.00000000e+00 0.00000000e+00 1.00000000e+00
-2.55195605e-03 2.52192751e-05 -9.99996743e-01 3.01355541e-01
-2.01036475e-05 9.99999999e-01 2.52706610e-05 -2.49468694e-05
9.99996744e-01 2.01680716e-05 -2.55195555e-03 7.03966559e-01
0.00000000e+00 0.00000000e+00 0.00000000e+00 1.00000000e+00
3.15634600e-02 9.74900915e-01 -2.20390459e-01 -8.59795897e-02
8.08253101e-01 1.04820565e-01 5.79430387e-01 3.40444389e-02
5.87988667e-01 -1.96420100e-01 -7.84658188e-01 7.59839140e-01
0.00000000e+00 0.00000000e+00 0.00000000e+00 1.00000000e+00
7.98314206e-01 2.92307307e-01 -5.26546168e-01 1.04428493e+00
-2.47707528e-01 9.56302817e-01 1.55325149e-01 -1.24123907e-02
5.48940260e-01 6.43117683e-03 8.35836845e-01 6.36906049e-01
0.00000000e+00 0.00000000e+00 0.00000000e+00 1.00000000e+00
-2.54214038e-03 3.80510592e-05 -9.99996768e-01 3.01357810e-01
-8.59159072e-06 9.99999999e-01 3.80730232e-05 -2.50738178e-05
9.99996769e-01 8.68834992e-06 -2.54214005e-03 7.03963601e-01
0.00000000e+00 0.00000000e+00 0.00000000e+00 1.00000000e+00
2.35996151e-01 9.23429247e-01 -3.02628886e-01 -1.56127635e-02
9.24683954e-01 -1.17647325e-01 3.62103151e-01 1.73974262e-02
2.98773161e-01 -3.65291025e-01 -8.81644523e-01 8.00473669e-01
0.00000000e+00 0.00000000e+00 0.00000000e+00 1.00000000e+00
8.89487769e-01 4.08326415e-01 -2.05136654e-01 1.04956871e+00
-3.35679202e-01 8.88465172e-01 3.12968227e-01 -9.90122310e-02
3.10049966e-01 -2.09521302e-01 9.27345589e-01 6.59027300e-01
0.00000000e+00 0.00000000e+00 0.00000000e+00 1.00000000e+00
-2.52725681e-03 5.11090013e-05 -9.99996805e-01 3.01361664e-01
1.82696754e-05 9.99999999e-01 5.10629922e-05 -2.52903724e-05
9.99996806e-01 -1.81405677e-05 -2.52725774e-03 7.03959117e-01
0.00000000e+00 0.00000000e+00 0.00000000e+00 1.00000000e+00
2.02330241e-01 8.72935802e-01 -4.43898140e-01 9.05353348e-02
9.79059449e-01 -1.69902086e-01 1.12142216e-01 -5.36789044e-03
2.24737356e-02 -4.57292430e-01 -8.89032375e-01 7.52962418e-01
0.00000000e+00 0.00000000e+00 0.00000000e+00 1.00000000e+00
8.82848879e-01 4.57912368e-01 1.04374906e-01 9.74564842e-01
-4.69554254e-01 8.55930496e-01 2.16568209e-01 -1.99479573e-01
9.83159618e-03 -2.40206681e-01 9.70671979e-01 6.73395605e-01
0.00000000e+00 0.00000000e+00 0.00000000e+00 1.00000000e+00
-2.51273089e-03 6.07954666e-05 -9.99996841e-01 3.01365369e-01
3.36080782e-05 9.99999998e-01 6.07112102e-05 -2.41862421e-05
9.99996843e-01 -3.34554211e-05 -2.51273292e-03 7.03954739e-01
0.00000000e+00 0.00000000e+00 0.00000000e+00 1.00000000e+00
1.62813111e-02 8.78518273e-01 -4.77431213e-01 1.58282297e-01
9.94260170e-01 -6.47236108e-02 -8.51913626e-02 -1.62735740e-02
-1.05743241e-01 -4.73303812e-01 -8.74529513e-01 6.42171401e-01
0.00000000e+00 0.00000000e+00 0.00000000e+00 1.00000000e+00
8.32562756e-01 5.13748522e-01 2.07127290e-01 8.46868997e-01
-5.28825337e-01 8.48467008e-01 2.11541812e-02 -2.40220799e-01
-1.64872743e-01 -1.27146342e-01 9.78085265e-01 6.69684724e-01
0.00000000e+00 0.00000000e+00 0.00000000e+00 1.00000000e+00
-2.50285370e-03 6.64473200e-05 -9.99996866e-01 3.01366476e-01
3.36117538e-05 9.99999997e-01 6.63634026e-05 -2.47339393e-05
9.99996867e-01 -3.34455505e-05 -2.50285592e-03 7.03953488e-01
0.00000000e+00 0.00000000e+00 0.00000000e+00 1.00000000e+00
-1.22862362e-01 8.45647492e-01 -5.19408471e-01 1.63866063e-01
9.87252531e-01 5.07869850e-02 -1.50841381e-01 -1.23088356e-02
-1.01179445e-01 -5.31320056e-01 -8.41107435e-01 5.41011431e-01
0.00000000e+00 0.00000000e+00 0.00000000e+00 1.00000000e+00
8.09895279e-01 5.56415869e-01 1.85663722e-01 7.45937692e-01
-5.47572772e-01 8.30662828e-01 -1.00813321e-01 -2.25565155e-01
-2.10318084e-01 -2.00161664e-02 9.77428083e-01 6.57515983e-01
0.00000000e+00 0.00000000e+00 0.00000000e+00 1.00000000e+00
-2.49783708e-03 8.08889917e-05 -9.99996877e-01 3.01367784e-01
3.36186382e-05 9.99999996e-01 8.08052699e-05 -2.56191801e-05
9.99996880e-01 -3.34166948e-05 -2.49783979e-03 7.03951976e-01
0.00000000e+00 0.00000000e+00 0.00000000e+00 1.00000000e+00
-1.80326171e-01 8.13597203e-01 -5.52758594e-01 1.50274010e-01
9.79841567e-01 9.94621089e-02 -1.73256437e-01 -6.99373652e-03
-8.59824169e-02 -5.72858517e-01 -8.15131979e-01 4.90197886e-01
0.00000000e+00 0.00000000e+00 0.00000000e+00 1.00000000e+00
8.03501410e-01 5.74967694e-01 1.54264823e-01 6.96924320e-01
-5.56686227e-01 8.17525163e-01 -1.47489160e-01 -2.04500705e-01
-2.10916877e-01 3.26306457e-02 9.76959217e-01 6.48790661e-01
0.00000000e+00 0.00000000e+00 0.00000000e+00 1.00000000e+00
-2.49034803e-03 8.26591956e-05 -9.99996896e-01 3.01369346e-01
4.70443628e-05 9.99999995e-01 8.25422946e-05 -2.51603478e-05
9.99996898e-01 -4.68386578e-05 -2.49035190e-03 7.03949720e-01
0.00000000e+00 0.00000000e+00 0.00000000e+00 1.00000000e+00
-2.23865874e-01 8.01203803e-01 -5.54938318e-01 1.28361413e-01
9.72458535e-01 1.45725094e-01 -1.81902705e-01 2.56466530e-04
-6.48727007e-02 -5.80376312e-01 -8.11760352e-01 4.44766253e-01
0.00000000e+00 0.00000000e+00 0.00000000e+00 1.00000000e+00
7.99645459e-01 5.88154717e-01 1.21000697e-01 6.58707129e-01
-5.65599351e-01 8.05426494e-01 -1.77159635e-01 -1.80550768e-01
-2.01654442e-01 7.32269815e-02 9.76715565e-01 6.40383091e-01
0.00000000e+00 0.00000000e+00 0.00000000e+00 1.00000000e+00
-2.48778415e-03 7.18321625e-05 -9.99996903e-01 3.01369449e-01
4.70458055e-05 9.99999996e-01 7.17153445e-05 -2.53646061e-05
9.99996904e-01 -4.68672475e-05 -2.48778752e-03 7.03950062e-01
0.00000000e+00 0.00000000e+00 0.00000000e+00 1.00000000e+00
-2.23456451e-01 8.01165288e-01 -5.55158893e-01 1.28293221e-01
9.72594545e-01 1.45731399e-01 -1.81169011e-01 2.16834973e-04
-6.42422411e-02 -5.80427895e-01 -8.11773609e-01 4.44658809e-01
0.00000000e+00 0.00000000e+00 0.00000000e+00 1.00000000e+00
7.99649649e-01 5.88144355e-01 1.21023372e-01 6.58729760e-01
-5.65591918e-01 8.05436738e-01 -1.77136794e-01 -1.80559886e-01
-2.01658676e-01 7.31975339e-02 9.76716898e-01 6.40391052e-01
0.00000000e+00 0.00000000e+00 0.00000000e+00 1.00000000e+00
-2.47231303e-03 3.20711657e-05 -9.99996943e-01 3.01371942e-01
4.69934374e-05 9.99999998e-01 3.19550808e-05 -1.91609827e-05
9.99996943e-01 -4.69142908e-05 -2.47231453e-03 7.03944284e-01
0.00000000e+00 0.00000000e+00 0.00000000e+00 1.00000000e+00
-2.22965039e-01 8.01379894e-01 -5.55046716e-01 1.28305347e-01
9.72759389e-01 1.45845743e-01 -1.80189317e-01 2.28434983e-04
-6.34488951e-02 -5.80102823e-01 -8.12068318e-01 4.44524436e-01
0.00000000e+00 0.00000000e+00 0.00000000e+00 1.00000000e+00
7.99616940e-01 5.88196760e-01 1.20984797e-01 6.58736292e-01
-5.65662499e-01 8.05403027e-01 -1.77064679e-01 -1.80548609e-01
-2.01590393e-01 7.31473540e-02 9.76734753e-01 6.40387726e-01
0.00000000e+00 0.00000000e+00 0.00000000e+00 1.00000000e+00
-2.47285580e-03 3.32774414e-05 -9.99996942e-01 3.01371886e-01
4.69944940e-05 9.99999998e-01 3.31613321e-05 -1.92847981e-05
9.99996941e-01 -4.69123471e-05 -2.47285736e-03 7.03944359e-01
0.00000000e+00 0.00000000e+00 0.00000000e+00 1.00000000e+00
-2.22939554e-01 8.01444302e-01 -5.54963950e-01 1.28284667e-01
9.72755760e-01 1.45757942e-01 -1.80279931e-01 2.33750401e-04
-6.35939202e-02 -5.80035906e-01 -8.12104772e-01 4.44485581e-01
0.00000000e+00 0.00000000e+00 0.00000000e+00 1.00000000e+00
7.99674399e-01 5.88113390e-01 1.21010316e-01 6.58766492e-01
-5.65578799e-01 8.05464147e-01 -1.77054032e-01 -1.80588733e-01
-2.01597318e-01 7.31447075e-02 9.76733522e-01 6.40395400e-01
0.00000000e+00 0.00000000e+00 0.00000000e+00 1.00000000e+00
-2.48278119e-03 3.51078723e-05 -9.99996917e-01 3.01370847e-01
4.69874781e-05 9.99999998e-01 3.49913205e-05 -1.83423999e-05
9.99996917e-01 -4.69004574e-05 -2.48278283e-03 7.03945714e-01
0.00000000e+00 0.00000000e+00 0.00000000e+00 1.00000000e+00
-2.12330045e-01 8.25860247e-01 -5.22370371e-01 1.58384965e-01
9.76582825e-01 1.60368652e-01 -1.43415066e-01 -1.60250608e-02
-3.46689698e-02 -5.40589261e-01 -8.40572016e-01 4.67280367e-01
0.00000000e+00 0.00000000e+00 0.00000000e+00 1.00000000e+00
8.23872651e-01 5.56946083e-01 1.05094789e-01 6.87823646e-01
-5.36545188e-01 8.26153483e-01 -1.72016522e-01 -2.16568937e-01
-1.82628354e-01 8.53316051e-02 9.79472001e-01 6.57768702e-01
0.00000000e+00 0.00000000e+00 0.00000000e+00 1.00000000e+00
-2.48657905e-03 2.11772694e-05 -9.99996908e-01 3.01370301e-01
4.31182534e-05 9.99999999e-01 2.10701176e-05 -1.44276081e-05
9.99996908e-01 -4.30657276e-05 -2.48657996e-03 7.03946858e-01
0.00000000e+00 0.00000000e+00 0.00000000e+00 1.00000000e+00
-2.01760479e-01 9.05928295e-01 -3.72272257e-01 1.87648194e-01
9.79430139e-01 1.85433168e-01 -7.95684860e-02 -3.79605477e-02
-3.05171891e-03 -3.80668444e-01 -9.24706560e-01 4.93280924e-01
0.00000000e+00 0.00000000e+00 0.00000000e+00 1.00000000e+00
8.52885940e-01 5.14833261e-01 8.67887458e-02 7.33628560e-01
-4.96740289e-01 8.51348806e-01 -1.68684011e-01 -2.55693353e-01
-1.60731635e-01 1.00756755e-01 9.81841850e-01 6.80292050e-01
0.00000000e+00 0.00000000e+00 0.00000000e+00 1.00000000e+00
-2.51306760e-03 1.83122020e-06 -9.99996842e-01 3.01367096e-01
3.92363175e-05 9.99999999e-01 1.73262215e-06 -8.88051658e-06
9.99996841e-01 -3.92318394e-05 -2.51306767e-03 7.03952292e-01
0.00000000e+00 0.00000000e+00 0.00000000e+00 1.00000000e+00
-2.04843631e-01 9.25020279e-01 -3.19963389e-01 2.34307100e-01
9.78438146e-01 2.02341949e-01 -4.14310415e-02 -8.54460721e-02
2.64174621e-02 -3.21551270e-01 -9.46523586e-01 5.94075394e-01
0.00000000e+00 0.00000000e+00 0.00000000e+00 1.00000000e+00
9.04537073e-01 4.22187197e-01 5.97549433e-02 8.48944530e-01
-4.07596791e-01 8.97278420e-01 -1.69576806e-01 -3.01518885e-01
-1.25209978e-01 1.29032585e-01 9.83703743e-01 7.25971306e-01
0.00000000e+00 0.00000000e+00 0.00000000e+00 1.00000000e+00
-2.55714664e-03 -2.99742780e-05 -9.99996730e-01 3.01362140e-01
3.34044020e-05 9.99999999e-01 -3.00597962e-05 2.79600773e-07
9.99996730e-01 -3.34811600e-05 -2.55714564e-03 7.03962444e-01
0.00000000e+00 0.00000000e+00 0.00000000e+00 1.00000000e+00
-2.40763781e-01 9.13538950e-01 -3.27840494e-01 2.14159133e-01
9.70546589e-01 2.23649043e-01 -8.95568257e-02 -1.45992248e-01
-8.49243578e-03 -3.39746513e-01 -9.40478700e-01 7.50763516e-01
0.00000000e+00 0.00000000e+00 0.00000000e+00 1.00000000e+00
9.59228620e-01 2.77903350e-01 5.14799207e-02 1.01677867e+00
-2.65819799e-01 9.48962591e-01 -1.69734602e-01 -2.69130543e-01
-9.60223334e-02 1.49129906e-01 9.84144290e-01 7.84371527e-01
0.00000000e+00 0.00000000e+00 0.00000000e+00 1.00000000e+00
-2.59335604e-03 -6.20403742e-05 -9.99996635e-01 3.01357879e-01
1.79820714e-05 9.99999998e-01 -6.20872169e-05 8.80860451e-06
9.99996637e-01 -1.81430252e-05 -2.59335492e-03 7.03969366e-01
0.00000000e+00 0.00000000e+00 0.00000000e+00 1.00000000e+00
-2.14340571e-01 9.59420446e-01 -1.83222619e-01 1.04667871e-01
9.76758667e-01 2.10687571e-01 -3.94113335e-02 -1.89868939e-01
7.90689185e-04 -1.87411728e-01 -9.82281130e-01 8.46937293e-01
0.00000000e+00 0.00000000e+00 0.00000000e+00 1.00000000e+00
9.89004423e-01 1.32789585e-01 6.50936008e-02 1.10618187e+00
-1.22689460e-01 9.82495404e-01 -1.40178737e-01 -1.58570853e-01
-8.25684399e-02 1.30651092e-01 9.87984183e-01 8.22078040e-01
0.00000000e+00 0.00000000e+00 0.00000000e+00 1.00000000e+00
-2.63949730e-03 -8.43947456e-05 -9.99996513e-01 3.01352180e-01
6.35001146e-06 9.99999996e-01 -8.44118004e-05 1.75801553e-05
9.99996517e-01 -6.57279404e-06 -2.63949676e-03 7.03979316e-01
0.00000000e+00 0.00000000e+00 0.00000000e+00 1.00000000e+00
-1.59396844e-01 9.87196749e-01 5.93513648e-03 8.12453082e-04
9.86786559e-01 1.59147835e-01 3.04015489e-02 -2.03096069e-01
2.90677461e-02 1.07026238e-02 -9.99520145e-01 8.41359314e-01
0.00000000e+00 0.00000000e+00 0.00000000e+00 1.00000000e+00
9.97593334e-01 1.23702949e-02 6.82240069e-02 1.10874320e+00
-6.40338069e-03 9.96188138e-01 -8.69953465e-02 -6.51097204e-02
-6.90401045e-02 8.63491135e-02 9.93869858e-01 8.35014947e-01
0.00000000e+00 0.00000000e+00 0.00000000e+00 1.00000000e+00
-2.67052595e-03 -1.04584451e-04 -9.99996429e-01 3.01348647e-01
-9.00305599e-06 9.99999994e-01 -1.04560781e-04 2.25323760e-05
9.99996434e-01 8.72379156e-06 -2.67052688e-03 7.03984749e-01
0.00000000e+00 0.00000000e+00 0.00000000e+00 1.00000000e+00
-1.16476848e-01 9.85861149e-01 1.20461362e-01 -4.80669215e-02
9.93120397e-01 1.14137854e-01 2.61615626e-02 -1.99702393e-01
1.20424668e-02 1.22679852e-01 -9.92373233e-01 8.07465361e-01
0.00000000e+00 0.00000000e+00 0.00000000e+00 1.00000000e+00
9.96484267e-01 -5.93959460e-02 5.90866144e-02 1.08843596e+00
6.21778022e-02 9.96985393e-01 -4.64117135e-02 -2.33624955e-02
-5.61518238e-02 4.99224182e-02 9.97173367e-01 8.35188151e-01
0.00000000e+00 0.00000000e+00 0.00000000e+00 1.00000000e+00
-2.68670723e-03 -1.08400345e-04 -9.99996385e-01 3.01347003e-01
-1.28597104e-05 9.99999994e-01 -1.08366186e-04 2.45540633e-05
9.99996391e-01 1.25685157e-05 -2.68670861e-03 7.03986749e-01
0.00000000e+00 0.00000000e+00 0.00000000e+00 1.00000000e+00
-9.25284867e-02 9.81510197e-01 1.67559581e-01 -6.60839097e-02
9.95626510e-01 8.90216071e-02 2.83373782e-02 -1.94933058e-01
1.28970025e-02 1.69448776e-01 -9.85454606e-01 7.85460833e-01
0.00000000e+00 0.00000000e+00 0.00000000e+00 1.00000000e+00
9.93711029e-01 -1.00845003e-01 4.86690501e-02 1.07220092e+00
1.01972085e-01 9.94560209e-01 -2.12528945e-02 -5.49283702e-03
-4.62610525e-02 2.60821202e-02 9.98588823e-01 8.32889400e-01
0.00000000e+00 0.00000000e+00 0.00000000e+00 1.00000000e+00
-2.70011542e-03 -1.14764434e-04 -9.99996348e-01 3.01346170e-01
-1.67128820e-05 9.99999993e-01 -1.14719725e-04 2.61880427e-05
9.99996355e-01 1.64030644e-05 -2.70011732e-03 7.03987986e-01
0.00000000e+00 0.00000000e+00 0.00000000e+00 1.00000000e+00
-8.00120945e-02 9.78629874e-01 1.89424482e-01 -7.29422915e-02
9.96729525e-01 7.63894219e-02 2.63611475e-02 -1.91927389e-01
1.13277798e-02 1.90914185e-01 -9.81541367e-01 7.74236225e-01
0.00000000e+00 0.00000000e+00 0.00000000e+00 1.00000000e+00
9.92475964e-01 -1.14079740e-01 4.44665576e-02 1.06658163e+00
1.14761966e-01 9.93306696e-01 -1.30957703e-02 -7.96609027e-04
-4.26749674e-02 1.81003069e-02 9.98925035e-01 8.31788244e-01
0.00000000e+00 0.00000000e+00 0.00000000e+00 1.00000000e+00
-1.02915610e-02 -1.89192913e-05 -9.99947040e-01 3.00801117e-01
6.48025739e-05 9.99999998e-01 -1.95872482e-05 -1.69224378e-05
9.99947038e-01 -6.50007253e-05 -1.02915597e-02 7.03940372e-01
0.00000000e+00 0.00000000e+00 0.00000000e+00 1.00000000e+00
-6.68768750e-02 9.96845250e-01 4.27437907e-02 -6.15748087e-02
9.94696188e-01 6.99655393e-02 -7.53944105e-02 1.99867353e-02
-7.81471524e-02 3.74749430e-02 -9.96237246e-01 3.53049594e-01
0.00000000e+00 0.00000000e+00 0.00000000e+00 1.00000000e+00
9.99905283e-01 -6.61949484e-05 1.37630281e-02 6.28936368e-01
6.57606868e-05 9.99999997e-01 3.20053168e-05 -2.44036474e-05
-1.37630302e-02 -3.10972191e-05 9.99905285e-01 6.35130046e-01
0.00000000e+00 0.00000000e+00 0.00000000e+00 1.00000000e+00
-1.02853653e-02 -1.68341436e-05 -9.99947104e-01 3.00801563e-01
6.48235784e-05 9.99999998e-01 -1.75018035e-05 -1.75496871e-05
9.99947102e-01 -6.50001620e-05 -1.02853642e-02 7.03940377e-01
0.00000000e+00 0.00000000e+00 0.00000000e+00 1.00000000e+00
-6.69629894e-02 9.96820644e-01 4.31805663e-02 -6.15617034e-02
9.94828600e-01 7.00164531e-02 -7.35782136e-02 1.99727056e-02
-7.63676324e-02 3.80302452e-02 -9.96354197e-01 3.52849034e-01
0.00000000e+00 0.00000000e+00 0.00000000e+00 1.00000000e+00
9.99905142e-01 -6.29956100e-05 1.37733031e-02 6.28936070e-01
6.25915929e-05 9.99999998e-01 2.97644125e-05 -2.32276224e-05
-1.37733049e-02 -2.88994961e-05 9.99905143e-01 6.35133886e-01
0.00000000e+00 0.00000000e+00 0.00000000e+00 1.00000000e+00
2.74295053e-03 -1.02543750e-04 -9.99996233e-01 3.04619418e-01
6.42437408e-05 9.99999993e-01 -1.02367917e-04 2.43769146e-05
9.99996236e-01 -6.39627086e-05 2.74295709e-03 7.00001415e-01
0.00000000e+00 0.00000000e+00 0.00000000e+00 1.00000000e+00
-6.63630467e-02 9.96723314e-01 4.62447932e-02 -6.14115406e-02
9.95819155e-01 6.90760824e-02 -5.97721066e-02 1.10935803e-02
-6.27706614e-02 4.20847918e-02 -9.97140268e-01 3.48972126e-01
0.00000000e+00 0.00000000e+00 0.00000000e+00 1.00000000e+00
9.99905851e-01 9.27686205e-05 1.37215300e-02 6.28960173e-01
-9.34496706e-05 9.99999994e-01 4.89925247e-05 3.46769816e-05
-1.37215254e-02 -5.02701845e-05 9.99905854e-01 6.35132508e-01
0.00000000e+00 0.00000000e+00 0.00000000e+00 1.00000000e+00
2.74339866e-03 -9.38826292e-05 -9.99996232e-01 3.04619481e-01
6.42463108e-05 9.99999994e-01 -9.37067284e-05 2.46590568e-05
9.99996235e-01 -6.39889938e-05 2.74340467e-03 7.00001280e-01
0.00000000e+00 0.00000000e+00 0.00000000e+00 1.00000000e+00
-6.63469842e-02 9.96741326e-01 4.58781720e-02 -6.14272660e-02
9.95753150e-01 6.90822423e-02 -6.08548058e-02 1.10926160e-02
-6.38258668e-02 4.16458015e-02 -9.97091714e-01 3.49073010e-01
0.00000000e+00 0.00000000e+00 0.00000000e+00 1.00000000e+00
9.99905820e-01 9.44267574e-05 1.37238096e-02 6.28960960e-01
-9.50698994e-05 9.99999994e-01 4.62108405e-05 3.52781339e-05
-1.37238051e-02 -4.75112095e-05 9.99905823e-01 6.35133354e-01
0.00000000e+00 0.00000000e+00 0.00000000e+00 1.00000000e+00
2.18290571e-02 -8.84640072e-05 -9.99761714e-01 3.03110081e-01
6.53449135e-05 9.99999994e-01 -8.70583336e-05 2.36699403e-05
9.99761716e-01 -6.34289413e-05 2.18290628e-02 7.11728594e-01
0.00000000e+00 0.00000000e+00 0.00000000e+00 1.00000000e+00
-6.56446558e-02 9.96830282e-01 4.49462733e-02 -6.15907183e-02
9.96449434e-01 6.78662222e-02 -4.98267177e-02 1.50495633e-02
-5.27191148e-02 4.15158309e-02 -9.97746025e-01 3.51026238e-01
0.00000000e+00 0.00000000e+00 0.00000000e+00 1.00000000e+00
9.99905851e-01 9.12883400e-05 1.37215295e-02 6.28960173e-01
-9.19009961e-05 9.99999995e-01 4.40187260e-05 3.41022579e-05
-1.37215254e-02 -4.52756039e-05 9.99905854e-01 6.35132508e-01
0.00000000e+00 0.00000000e+00 0.00000000e+00 1.00000000e+00
9.07874119e-02 -7.38114182e-05 -9.95870293e-01 2.93957490e-01
5.95270832e-05 9.99999996e-01 -6.86907809e-05 2.03742948e-05
9.95870294e-01 -5.30449956e-05 9.07874159e-02 7.52606425e-01
0.00000000e+00 0.00000000e+00 0.00000000e+00 1.00000000e+00
-6.74135648e-02 9.96870268e-01 4.12926246e-02 -6.20766407e-02
9.97198491e-01 6.59757389e-02 3.52472779e-02 2.83968911e-02
3.24126520e-02 4.35530876e-02 -9.98525187e-01 3.62849224e-01
0.00000000e+00 0.00000000e+00 0.00000000e+00 1.00000000e+00
9.99906037e-01 8.81826264e-05 1.37080207e-02 6.28956377e-01
-8.87320341e-05 9.99999995e-01 3.94710897e-05 3.29266344e-05
-1.37080171e-02 -4.06837214e-05 9.99906040e-01 6.35127489e-01
0.00000000e+00 0.00000000e+00 0.00000000e+00 1.00000000e+00
2.07745943e-01 -3.06530066e-05 -9.78182816e-01 2.65273799e-01
5.48215796e-05 9.99999998e-01 -1.96937070e-05 1.17779270e-05
9.78182815e-01 -4.95342394e-05 2.07745944e-01 8.15955429e-01
0.00000000e+00 0.00000000e+00 0.00000000e+00 1.00000000e+00
-7.09555015e-02 9.96507792e-01 4.40174726e-02 -6.31648797e-02
9.84570805e-01 6.28925701e-02 1.63293771e-01 3.73103277e-02
1.59955143e-01 5.49249098e-02 -9.85595052e-01 3.99529409e-01
0.00000000e+00 0.00000000e+00 0.00000000e+00 1.00000000e+00
9.99906235e-01 7.17496692e-05 1.36936471e-02 6.28952087e-01
-7.18537192e-05 9.99999997e-01 7.10642579e-06 2.66636483e-05
-1.36936465e-02 -8.08969893e-06 9.99906238e-01 6.35122152e-01
0.00000000e+00 0.00000000e+00 0.00000000e+00 1.00000000e+00
4.04094219e-01 5.98639348e-05 -9.14717366e-01 1.81924629e-01
1.08888128e-05 9.99999997e-01 7.02556258e-05 -2.09064437e-06
9.14717367e-01 -3.83500783e-05 4.04094217e-01 8.96663025e-01
0.00000000e+00 0.00000000e+00 0.00000000e+00 1.00000000e+00
-7.64044199e-02 9.96223082e-01 4.12545131e-02 -6.59701578e-02
9.16128794e-01 5.38109211e-02 3.97256111e-01 -7.34721939e-03
3.93535764e-01 6.81465701e-02 -9.16780043e-01 5.01363397e-01
0.00000000e+00 0.00000000e+00 0.00000000e+00 1.00000000e+00
9.99906552e-01 4.28003892e-05 1.36706318e-02 6.28943875e-01
-4.22779252e-05 9.99999998e-01 -3.85069800e-05 1.56888007e-05
-1.36706334e-02 3.79254156e-05 9.99906552e-01 6.35112480e-01
0.00000000e+00 0.00000000e+00 0.00000000e+00 1.00000000e+00
5.64414351e-01 1.35092490e-04 -8.25491624e-01 8.41554590e-02
-4.76173404e-05 9.99999990e-01 1.31093490e-04 -6.07711252e-06
8.25491634e-01 -3.46833315e-05 5.64414352e-01 9.26633914e-01
0.00000000e+00 0.00000000e+00 0.00000000e+00 1.00000000e+00
-8.00793197e-02 9.95632991e-01 4.79817705e-02 -6.81730643e-02
8.32811742e-01 4.03774666e-02 5.52081754e-01 -1.39169909e-01
5.47733425e-01 8.41701131e-02 -8.32408245e-01 5.90944108e-01
0.00000000e+00 0.00000000e+00 0.00000000e+00 1.00000000e+00
9.99906677e-01 2.10581989e-05 1.36615288e-02 6.28931562e-01
-1.98047044e-05 9.99999996e-01 -9.18888828e-05 7.34960153e-06
-1.36615307e-02 9.16097448e-05 9.99906673e-01 6.35095343e-01
0.00000000e+00 0.00000000e+00 0.00000000e+00 1.00000000e+00
6.27072568e-01 1.60913138e-04 -7.78960826e-01 3.95775988e-02
-7.46228912e-05 9.99999986e-01 1.46501806e-04 -4.93864302e-06
7.78960839e-01 -3.37389545e-05 6.27072572e-01 9.25993784e-01
0.00000000e+00 0.00000000e+00 0.00000000e+00 1.00000000e+00
-8.06550501e-02 9.95322015e-01 5.31869282e-02 -6.86232268e-02
8.01224897e-01 3.30005407e-02 5.97452617e-01 -2.21542891e-01
5.92902545e-01 9.08022618e-02 -8.00138439e-01 6.10604474e-01
0.00000000e+00 0.00000000e+00 0.00000000e+00 1.00000000e+00
9.99906395e-01 1.19549970e-05 1.36821264e-02 6.28928617e-01
-1.02962946e-05 9.99999993e-01 -1.21301763e-04 3.82137688e-06
-1.36821278e-02 1.21149534e-04 9.99906388e-01 6.35093075e-01
0.00000000e+00 0.00000000e+00 0.00000000e+00 1.00000000e+00
6.72046986e-01 1.76576156e-04 -7.40508486e-01 5.68785283e-03
-9.48029889e-05 9.99999984e-01 1.52414310e-04 -2.85535467e-06
7.40508501e-01 -3.22271598e-05 6.72046992e-01 9.20086239e-01
0.00000000e+00 0.00000000e+00 0.00000000e+00 1.00000000e+00
-8.23372785e-02 9.94947688e-01 5.74427572e-02 -6.86159017e-02
7.77995405e-01 2.81469080e-02 6.27639149e-01 -2.94069996e-01
6.22851284e-01 9.63683005e-02 -7.76382270e-01 6.17581781e-01
0.00000000e+00 0.00000000e+00 0.00000000e+00 1.00000000e+00
9.99906244e-01 5.86864986e-06 1.36932028e-02 6.28927265e-01
-3.95732083e-06 9.99999990e-01 -1.39609412e-04 1.46919086e-06
-1.36932035e-02 1.39542134e-04 9.99906234e-01 6.35092688e-01
0.00000000e+00 0.00000000e+00 0.00000000e+00 1.00000000e+00
6.72019030e-01 1.73112873e-04 -7.40533857e-01 5.70971579e-03
-9.09492003e-05 9.99999984e-01 1.51233162e-04 -2.58010201e-06
7.40533872e-01 -3.42806008e-05 6.72019035e-01 9.20091606e-01
0.00000000e+00 0.00000000e+00 0.00000000e+00 1.00000000e+00
-8.07312257e-02 9.95223117e-01 5.48945951e-02 -6.87449410e-02
7.78471445e-01 2.85628481e-02 6.27029803e-01 -2.94153132e-01
6.22466609e-01 9.33547592e-02 -7.77058691e-01 6.17838195e-01
0.00000000e+00 0.00000000e+00 0.00000000e+00 1.00000000e+00
9.99906265e-01 2.69904698e-06 1.36916187e-02 6.28926718e-01
-7.88236216e-07 9.99999990e-01 -1.39566012e-04 2.93120128e-07
-1.36916190e-02 1.39542137e-04 9.99906256e-01 6.35092100e-01
0.00000000e+00 0.00000000e+00 0.00000000e+00 1.00000000e+00
6.71999494e-01 1.79065601e-04 -7.40551584e-01 5.70863033e-03
-9.43949696e-05 9.99999983e-01 1.56143379e-04 -2.95431304e-06
7.40551599e-01 -3.50239274e-05 6.71999500e-01 9.20092862e-01
0.00000000e+00 0.00000000e+00 0.00000000e+00 1.00000000e+00
-8.02931399e-02 9.95376112e-01 5.27200768e-02 -6.88411619e-02
7.78397720e-01 2.95773546e-02 6.27074293e-01 -2.94205519e-01
6.22615452e-01 9.13869516e-02 -7.77173356e-01 6.17901004e-01
0.00000000e+00 0.00000000e+00 0.00000000e+00 1.00000000e+00
9.99906195e-01 5.80339078e-06 1.36967937e-02 6.28927518e-01
-3.89659839e-06 9.99999990e-01 -1.39241190e-04 1.44665539e-06
-1.36967944e-02 1.39174758e-04 9.99906185e-01 6.35094027e-01
0.00000000e+00 0.00000000e+00 0.00000000e+00 1.00000000e+00
6.61464460e-01 -5.03301591e-03 -7.49959623e-01 -1.37970922e-02
3.11744691e-03 9.99987294e-01 -3.96137543e-03 2.30067506e-04
7.49970032e-01 2.82349756e-04 6.61471746e-01 9.19479292e-01
0.00000000e+00 0.00000000e+00 0.00000000e+00 1.00000000e+00
-8.02427567e-02 9.95467651e-01 5.10416970e-02 -6.65124780e-02
7.89001262e-01 3.21406599e-02 6.13550312e-01 -2.97653661e-01
6.09128975e-01 8.95049318e-02 -7.88004289e-01 6.32262118e-01
0.00000000e+00 0.00000000e+00 0.00000000e+00 1.00000000e+00
9.99906142e-01 5.79116067e-06 1.37006194e-02 6.28928799e-01
-3.95760816e-06 9.99999991e-01 -1.33857008e-04 1.46920551e-06
-1.37006200e-02 1.33790222e-04 9.99906133e-01 6.35095447e-01
0.00000000e+00 0.00000000e+00 0.00000000e+00 1.00000000e+00
6.10093948e-01 -3.17727114e-02 -7.91691777e-01 -1.06489361e-01
2.07297923e-02 9.99493699e-01 -2.41375554e-02 1.50645884e-03
7.92057858e-01 -1.68542961e-03 6.10443699e-01 9.07086863e-01
0.00000000e+00 0.00000000e+00 0.00000000e+00 1.00000000e+00
-8.32558758e-02 9.95861758e-01 3.64392298e-02 -4.57240269e-02
8.32396399e-01 4.93927401e-02 5.51975174e-01 -3.21258080e-01
5.47891134e-01 7.62870602e-02 -8.33063977e-01 7.19302599e-01
0.00000000e+00 0.00000000e+00 0.00000000e+00 1.00000000e+00
9.99905998e-01 7.24579976e-06 1.37110959e-02 6.28931390e-01
-5.54214947e-06 9.99999992e-01 -1.24291393e-04 2.05722427e-06
-1.37110967e-02 1.24203721e-04 9.99905991e-01 6.35099343e-01
0.00000000e+00 0.00000000e+00 0.00000000e+00 1.00000000e+00
5.33165244e-01 -6.70196941e-02 -8.43352348e-01 -2.28691825e-01
4.78001451e-02 9.97651254e-01 -4.90624185e-02 3.46559866e-03
8.44659676e-01 -1.41539882e-02 5.35116526e-01 8.64953061e-01
0.00000000e+00 0.00000000e+00 0.00000000e+00 1.00000000e+00
-9.94050158e-02 9.94243647e-01 3.99776511e-02 -1.25066381e-02
8.81077149e-01 6.92778768e-02 4.67871385e-01 -3.50146405e-01
4.62408586e-01 8.17321574e-02 -8.82891927e-01 8.19352501e-01
0.00000000e+00 0.00000000e+00 0.00000000e+00 1.00000000e+00
9.99905592e-01 1.62344774e-05 1.37407184e-02 6.28938239e-01
-1.50505583e-05 9.99999996e-01 -8.62647751e-05 5.58537898e-06
-1.37407197e-02 8.60498255e-05 9.99905588e-01 6.35112450e-01
0.00000000e+00 0.00000000e+00 0.00000000e+00 1.00000000e+00
4.10790454e-01 -1.10755376e-01 -9.04977596e-01 -3.80838055e-01
9.29646839e-02 9.92508936e-01 -7.92690300e-02 6.72982796e-03
9.06977822e-01 -5.15679953e-02 4.18009535e-01 7.56738932e-01
0.00000000e+00 0.00000000e+00 0.00000000e+00 1.00000000e+00
-1.31667440e-01 9.88763713e-01 7.07813834e-02 4.16444683e-02
9.17036176e-01 9.43782010e-02 3.87475687e-01 -3.84871301e-01
3.76441679e-01 1.15927021e-01 -9.19158630e-01 9.30500436e-01
0.00000000e+00 0.00000000e+00 0.00000000e+00 1.00000000e+00
9.99904588e-01 3.22956575e-05 1.38135459e-02 6.28948958e-01
-3.16892388e-05 9.99999999e-01 -4.41191721e-05 1.17593047e-05
-1.38135473e-02 4.36772219e-05 9.99904587e-01 6.35140324e-01
0.00000000e+00 0.00000000e+00 0.00000000e+00 1.00000000e+00
3.40497250e-01 -1.28106753e-01 -9.31477473e-01 -4.44442996e-01
1.19779420e-01 9.88513176e-01 -9.21661047e-02 8.66289434e-03
9.32584856e-01 -8.01895261e-02 3.51930570e-01 6.79419089e-01
0.00000000e+00 0.00000000e+00 0.00000000e+00 1.00000000e+00
-1.55572608e-01 9.85171226e-01 7.23520475e-02 7.47258555e-02
9.17536913e-01 1.16980554e-01 3.80054685e-01 -4.01711197e-01
3.65955157e-01 1.25511773e-01 -9.22129936e-01 9.80715527e-01
0.00000000e+00 0.00000000e+00 0.00000000e+00 1.00000000e+00
9.99903610e-01 4.40725792e-05 1.38841167e-02 6.28960259e-01
-4.43669887e-05 9.99999999e-01 2.08967588e-05 1.64629180e-05
-1.38841158e-02 -2.15107410e-05 9.99903611e-01 6.35166605e-01
0.00000000e+00 0.00000000e+00 0.00000000e+00 1.00000000e+00
2.78185563e-01 -1.38445738e-01 -9.50497538e-01 -4.86381180e-01
1.44049821e-01 9.84379952e-01 -1.01221333e-01 1.04134600e-02
9.49664384e-01 -1.08760687e-01 2.93783375e-01 6.05290284e-01
0.00000000e+00 0.00000000e+00 0.00000000e+00 1.00000000e+00
-1.74565040e-01 9.82718985e-01 6.15665722e-02 1.00460146e-01
9.17761712e-01 1.39737468e-01 3.71734958e-01 -4.13951696e-01
3.56707844e-01 1.21395371e-01 -9.26295136e-01 1.01646704e+00
0.00000000e+00 0.00000000e+00 0.00000000e+00 1.00000000e+00
9.99903268e-01 4.99786497e-05 1.39087267e-02 6.28964909e-01
-5.07059026e-05 9.99999997e-01 5.19348899e-05 1.88146714e-05
-1.39087240e-02 -5.26351206e-05 9.99903268e-01 6.35175764e-01
0.00000000e+00 0.00000000e+00 0.00000000e+00 1.00000000e+00
2.74668388e-01 -1.38905612e-01 -9.51452841e-01 -4.88376895e-01
1.45477746e-01 9.84122839e-01 -1.01678237e-01 1.05164146e-02
9.50470148e-01 -1.10487417e-01 2.90515109e-01 6.00920944e-01
0.00000000e+00 0.00000000e+00 0.00000000e+00 1.00000000e+00
-1.77184888e-01 9.82215087e-01 6.21211648e-02 1.03705778e-01
9.17943249e-01 1.42166707e-01 3.70363091e-01 -4.15006622e-01
3.54944654e-01 1.22646446e-01 -9.26807500e-01 1.01974656e+00
0.00000000e+00 0.00000000e+00 0.00000000e+00 1.00000000e+00
9.99903151e-01 5.32563645e-05 1.39171109e-02 6.28965753e-01
-5.41910582e-05 9.99999996e-01 6.67843764e-05 2.01077983e-05
-1.39171073e-02 -6.75320914e-05 9.99903150e-01 6.35178890e-01
0.00000000e+00 0.00000000e+00 0.00000000e+00 1.00000000e+00
2.74621211e-01 -1.38875833e-01 -9.51470805e-01 -4.88381325e-01
1.45441848e-01 9.84129607e-01 -1.01664079e-01 1.05138301e-02
9.50489274e-01 -1.10464560e-01 2.90461223e-01 6.00921020e-01
0.00000000e+00 0.00000000e+00 0.00000000e+00 1.00000000e+00
-1.77186683e-01 9.82417008e-01 5.88362325e-02 1.03818936e-01
9.20944902e-01 1.44423228e-01 3.61942562e-01 -4.15629555e-01
3.47081210e-01 1.18316330e-01 -9.30341808e-01 1.02158926e+00
0.00000000e+00 0.00000000e+00 0.00000000e+00 1.00000000e+00
9.99903162e-01 5.28537897e-05 1.39163217e-02 6.28965480e-01
-5.38753818e-05 9.99999996e-01 7.30347477e-05 1.99906220e-05
-1.39163178e-02 -7.37774223e-05 9.99903161e-01 6.35178597e-01
0.00000000e+00 0.00000000e+00 0.00000000e+00 1.00000000e+00
2.74616109e-01 -1.38872261e-01 -9.51472799e-01 -4.88382487e-01
1.45432384e-01 9.84131025e-01 -1.01663889e-01 1.05131487e-02
9.50492196e-01 -1.10456416e-01 2.90454757e-01 6.00919317e-01
0.00000000e+00 0.00000000e+00 0.00000000e+00 1.00000000e+00
-1.76839220e-01 9.82474961e-01 5.89138401e-02 1.03995524e-01
9.19461105e-01 1.43547635e-01 3.66040097e-01 -4.15530046e-01
3.51168288e-01 1.18899230e-01 -9.28732365e-01 1.02200950e+00
0.00000000e+00 0.00000000e+00 0.00000000e+00 1.00000000e+00
9.99903424e-01 5.30476014e-05 1.38974677e-02 6.28964963e-01
-5.38743327e-05 9.99999997e-01 5.91135463e-05 1.99905733e-05
-1.38974645e-02 -5.98565541e-05 9.99903424e-01 6.35175218e-01
0.00000000e+00 0.00000000e+00 0.00000000e+00 1.00000000e+00
2.75294956e-01 -1.41292737e-01 -9.50920107e-01 -4.88021441e-01
1.43871378e-01 9.84056495e-01 -1.04565010e-01 7.79711078e-03
9.50533384e-01 -1.08023967e-01 2.91233770e-01 6.01304545e-01
0.00000000e+00 0.00000000e+00 0.00000000e+00 1.00000000e+00
-1.76905643e-01 9.82561404e-01 5.72492812e-02 1.03888801e-01
9.18971087e-01 1.44069375e-01 3.67064240e-01 -4.15442879e-01
3.52415287e-01 1.17546170e-01 -9.28432207e-01 1.02165053e+00
0.00000000e+00 0.00000000e+00 0.00000000e+00 1.00000000e+00
9.99903334e-01 5.30476894e-05 1.39039301e-02 6.28964323e-01
-5.38748029e-05 9.99999997e-01 5.91131981e-05 1.99906420e-05
-1.39039269e-02 -5.98565554e-05 9.99903334e-01 6.35175677e-01
0.00000000e+00 0.00000000e+00 0.00000000e+00 1.00000000e+00
2.83227599e-01 -1.92764638e-01 -9.39480666e-01 -4.72290104e-01
8.68844303e-02 9.80721400e-01 -1.75033231e-01 -6.78141465e-02
9.55109011e-01 -3.20520006e-02 2.94515613e-01 6.12743260e-01
0.00000000e+00 0.00000000e+00 0.00000000e+00 1.00000000e+00
-1.15818948e-01 9.33500032e-01 -3.39357718e-01 8.76642839e-02
9.51042776e-01 2.02782652e-01 2.33231290e-01 -4.24860378e-01
2.86537275e-01 -2.95731103e-01 -9.11284536e-01 1.05186339e+00
0.00000000e+00 0.00000000e+00 0.00000000e+00 1.00000000e+00
9.99903388e-01 4.97452735e-05 1.39000716e-02 6.28963862e-01
-5.07057303e-05 9.99999996e-01 6.87448394e-05 1.88147117e-05
-1.39000682e-02 -6.94430111e-05 9.99903387e-01 6.35174239e-01
0.00000000e+00 0.00000000e+00 0.00000000e+00 1.00000000e+00
3.05469742e-01 -2.41359298e-01 -9.21104731e-01 -4.41983292e-01
3.56757421e-02 9.69563759e-01 -2.42225841e-01 -1.45299272e-01
9.51533225e-01 4.11315704e-02 3.04783064e-01 6.24172799e-01
0.00000000e+00 0.00000000e+00 0.00000000e+00 1.00000000e+00
-4.90744885e-02 9.40043345e-01 -3.37505857e-01 5.90214206e-02
9.59608489e-01 1.38099183e-01 2.45112553e-01 -4.23842687e-01
2.77025707e-01 -3.11844713e-01 -9.08850721e-01 1.03236574e+00
0.00000000e+00 0.00000000e+00 0.00000000e+00 1.00000000e+00
9.99903585e-01 4.98786984e-05 1.38859314e-02 6.28963241e-01
-5.07050534e-05 9.99999997e-01 5.91581776e-05 1.88146937e-05
-1.38859284e-02 -5.98565608e-05 9.99903584e-01 6.35171796e-01
0.00000000e+00 0.00000000e+00 0.00000000e+00 1.00000000e+00
3.76475605e-01 -4.88744875e-01 -7.87016242e-01 1.43239322e-01
1.85752030e-01 8.72089713e-01 -4.52720352e-01 -3.10341966e-01
9.07613520e-01 2.42483037e-02 4.19105855e-01 6.98749539e-01
0.00000000e+00 0.00000000e+00 0.00000000e+00 1.00000000e+00
-2.72460420e-02 8.68509417e-01 -4.94923273e-01 -6.69948802e-02
8.92371565e-01 2.44250067e-01 3.79492945e-01 -2.79240298e-01
4.50478239e-01 -4.31315774e-01 -7.81687955e-01 5.60845320e-01
0.00000000e+00 0.00000000e+00 0.00000000e+00 1.00000000e+00
9.99905418e-01 3.45661803e-05 1.37533382e-02 6.28948997e-01
-3.48587558e-05 9.99999999e-01 2.10333319e-05 1.29353341e-05
-1.37533374e-02 -2.15107668e-05 9.99905418e-01 6.35122366e-01
0.00000000e+00 0.00000000e+00 0.00000000e+00 1.00000000e+00
3.03402975e-01 -5.16596608e-01 -8.00671330e-01 1.86693023e-01
2.25325520e-01 8.55345825e-01 -4.66488939e-01 -2.63660183e-01
9.25837483e-01 -3.88775517e-02 3.75916867e-01 7.03729403e-01
0.00000000e+00 0.00000000e+00 0.00000000e+00 1.00000000e+00
-9.42225252e-02 8.49471094e-01 -5.19154096e-01 -2.61177183e-02
9.10715790e-01 2.84190176e-01 2.99721026e-01 -2.26066259e-01
4.02142842e-01 -4.44561361e-01 -8.00403855e-01 5.20843070e-01
0.00000000e+00 0.00000000e+00 0.00000000e+00 1.00000000e+00
9.99905661e-01 3.01658000e-05 1.37356178e-02 6.28947237e-01
-3.03267417e-05 9.99999999e-01 1.15088203e-05 1.12536906e-05
-1.37356175e-02 -1.19242911e-05 9.99905662e-01 6.35115758e-01
0.00000000e+00 0.00000000e+00 0.00000000e+00 1.00000000e+00
2.33316280e-01 -5.36030983e-01 -8.11316398e-01 2.11116274e-01
2.46892949e-01 8.39657647e-01 -4.83755007e-01 -2.23581948e-01
9.40535691e-01 -8.74403796e-02 3.28248069e-01 7.06784219e-01
0.00000000e+00 0.00000000e+00 0.00000000e+00 1.00000000e+00
-1.44852901e-01 8.36835250e-01 -5.27943560e-01 9.21250374e-03
9.25187534e-01 3.03713350e-01 2.27565877e-01 -1.80899375e-01
3.50778655e-01 -4.55483222e-01 -8.18223300e-01 4.96724844e-01
0.00000000e+00 0.00000000e+00 0.00000000e+00 1.00000000e+00
9.99905798e-01 2.82791776e-05 1.37256482e-02 6.28945847e-01
-2.85205109e-05 9.99999999e-01 1.73869121e-05 1.05834139e-05
-1.37256477e-02 -1.77767367e-05 9.99905799e-01 6.35112044e-01
0.00000000e+00 0.00000000e+00 0.00000000e+00 1.00000000e+00
2.20166395e-01 -5.39084564e-01 -8.12966538e-01 2.14460038e-01
2.49541885e-01 8.36810935e-01 -4.87315409e-01 -2.16493514e-01
9.43003503e-01 -9.55787255e-02 3.18761825e-01 7.07229153e-01
0.00000000e+00 0.00000000e+00 0.00000000e+00 1.00000000e+00
-1.61375455e-01 8.37175158e-01 -5.22585608e-01 1.89004834e-02
9.29753310e-01 3.06532865e-01 2.03951917e-01 -1.69123977e-01
3.30933142e-01 -4.52962865e-01 -8.27833255e-01 4.92956955e-01
0.00000000e+00 0.00000000e+00 0.00000000e+00 1.00000000e+00
9.99906056e-01 2.83593513e-05 1.37069055e-02 6.28943638e-01
-2.85201323e-05 1.00000000e+00 1.15344534e-05 1.05834491e-05
-1.37069051e-02 -1.19242926e-05 9.99906056e-01 6.35107892e-01
0.00000000e+00 0.00000000e+00 0.00000000e+00 1.00000000e+00
2.20202683e-01 -5.39131172e-01 -8.12925801e-01 2.14462727e-01
2.49579089e-01 8.36781429e-01 -4.87347021e-01 -2.16492052e-01
9.42985184e-01 -9.55741596e-02 3.18817382e-01 7.07231852e-01
0.00000000e+00 0.00000000e+00 0.00000000e+00 1.00000000e+00
-1.61135027e-01 8.37126461e-01 -5.22737785e-01 1.88830725e-02
9.29631737e-01 3.06589706e-01 2.04420119e-01 -1.69084716e-01
3.31391515e-01 -4.53014394e-01 -8.27621667e-01 4.92938893e-01
0.00000000e+00 0.00000000e+00 0.00000000e+00 1.00000000e+00
9.99905817e-01 2.82745824e-05 1.37243027e-02 6.28945746e-01
-2.85205201e-05 9.99999999e-01 1.77241439e-05 1.05834174e-05
-1.37243022e-02 -1.81138989e-05 9.99905817e-01 6.35111542e-01
0.00000000e+00 0.00000000e+00 0.00000000e+00 1.00000000e+00
1.80155668e-01 -5.30385479e-01 -8.28393131e-01 1.96618970e-01
2.52143767e-01 8.38934356e-01 -4.82299354e-01 -2.17872835e-01
9.50772032e-01 -1.21985202e-01 2.84872172e-01 7.09461558e-01
0.00000000e+00 0.00000000e+00 0.00000000e+00 1.00000000e+00
-1.80777709e-01 8.35078837e-01 -5.19579403e-01 2.06327331e-02
9.34842006e-01 3.10041669e-01 1.73045043e-01 -1.55413311e-01
3.05597519e-01 -4.54441965e-01 -8.36715398e-01 5.11204687e-01
0.00000000e+00 0.00000000e+00 0.00000000e+00 1.00000000e+00
9.99905942e-01 2.83592525e-05 1.37151920e-02 6.28945472e-01
-2.85201290e-05 1.00000000e+00 1.15342170e-05 1.05833968e-05
-1.37151917e-02 -1.19242912e-05 9.99905942e-01 6.35110975e-01
0.00000000e+00 0.00000000e+00 0.00000000e+00 1.00000000e+00
6.01100960e-02 -5.01349221e-01 -8.63154526e-01 1.41908255e-01
2.70501934e-01 8.40543239e-01 -4.69378064e-01 -2.16021458e-01
9.60841028e-01 -2.05270608e-01 1.86141068e-01 7.14088663e-01
0.00000000e+00 0.00000000e+00 0.00000000e+00 1.00000000e+00
-2.57049206e-01 8.35554157e-01 -4.85566635e-01 3.13474298e-02
9.41762171e-01 3.29308334e-01 6.81177961e-02 -1.00919254e-01
2.16817247e-01 -4.39778663e-01 -8.71541743e-01 5.75281443e-01
0.00000000e+00 0.00000000e+00 0.00000000e+00 1.00000000e+00
9.99905980e-01 2.28654258e-05 1.37124124e-02 6.28943925e-01
-2.29742053e-05 1.00000000e+00 7.77539942e-06 8.52540604e-06
-1.37124122e-02 -8.08970016e-06 9.99905980e-01 6.35109432e-01
0.00000000e+00 0.00000000e+00 0.00000000e+00 1.00000000e+00
-1.23828145e-01 -4.49047429e-01 -8.84885867e-01 5.06748561e-02
3.33745529e-01 8.20951393e-01 -4.63306306e-01 -1.89559677e-01
9.34494790e-01 -3.52697062e-01 4.82106835e-02 7.13534891e-01
0.00000000e+00 0.00000000e+00 0.00000000e+00 1.00000000e+00
-3.81553690e-01 8.03714948e-01 -4.56573175e-01 6.40390392e-02
9.17767604e-01 3.88225394e-01 -8.35683438e-02 -4.75869983e-03
1.10088173e-01 -4.50913879e-01 -8.85752374e-01 6.47048034e-01
0.00000000e+00 0.00000000e+00 0.00000000e+00 1.00000000e+00
9.99905907e-01 1.32258847e-05 1.37177686e-02 6.28943127e-01
-1.34671180e-05 1.00000000e+00 1.74930857e-05 4.99737394e-06
-1.37177684e-02 -1.76761785e-05 9.99905907e-01 6.35109120e-01
0.00000000e+00 0.00000000e+00 0.00000000e+00 1.00000000e+00
-2.63891771e-01 -4.14347281e-01 -8.71020932e-01 -4.00767174e-02
4.33102579e-01 7.55977031e-01 -4.90836922e-01 -1.08001350e-01
8.61848763e-01 -5.06769237e-01 -2.00412413e-02 6.93013029e-01
0.00000000e+00 0.00000000e+00 0.00000000e+00 1.00000000e+00
-5.29346849e-01 7.40032879e-01 -4.14901496e-01 1.63161618e-01
8.47140265e-01 4.87739285e-01 -2.10864321e-01 1.02898298e-01
4.63172284e-02 -4.63100127e-01 -8.85094903e-01 6.91097422e-01
0.00000000e+00 0.00000000e+00 0.00000000e+00 1.00000000e+00
9.99906032e-01 -8.88116027e-06 1.37086593e-02 6.28939864e-01
8.71685970e-06 1.00000000e+00 1.20449180e-05 -3.23482873e-06
-1.37086594e-02 -1.19242897e-05 9.99906032e-01 6.35105741e-01
0.00000000e+00 0.00000000e+00 0.00000000e+00 1.00000000e+00
-2.05967374e-01 -4.42887629e-01 -8.72598412e-01 -4.80931945e-02
4.22524970e-01 7.64059086e-01 -4.87530884e-01 -1.16953190e-02
8.82638142e-01 -4.69110074e-01 2.97598384e-02 6.48363300e-01
0.00000000e+00 0.00000000e+00 0.00000000e+00 1.00000000e+00
-5.25850497e-01 7.99970242e-01 -2.89013610e-01 2.84813869e-01
8.48972726e-01 5.14490436e-01 -1.20602250e-01 7.66993563e-02
5.22165270e-02 -3.08783425e-01 -9.49697968e-01 6.51052555e-01
0.00000000e+00 0.00000000e+00 0.00000000e+00 1.00000000e+00
9.99906062e-01 -2.86376473e-05 1.37064677e-02 6.28938202e-01
2.85240761e-05 1.00000000e+00 8.48145088e-06 -1.05851029e-05
-1.37064679e-02 -8.08968982e-06 9.99906062e-01 6.35104934e-01
0.00000000e+00 0.00000000e+00 0.00000000e+00 1.00000000e+00
-7.17991461e-02 -3.61364640e-01 -9.29656108e-01 -2.81602618e-03
2.35013391e-01 8.99690189e-01 -3.67867192e-01 1.81135509e-02
9.69336675e-01 -2.44894184e-01 2.03285420e-02 5.96839482e-01
0.00000000e+00 0.00000000e+00 0.00000000e+00 1.00000000e+00
-2.92456888e-01 9.08631177e-01 -2.98091183e-01 2.36742504e-01
9.46023772e-01 3.20433778e-01 4.85923535e-02 -5.00420151e-02
1.39671011e-01 -2.67790177e-01 -9.53299759e-01 6.19007898e-01
0.00000000e+00 0.00000000e+00 0.00000000e+00 1.00000000e+00
9.99906150e-01 -4.46159988e-05 1.36999643e-02 6.28934933e-01
4.43696487e-05 9.99999999e-01 1.82857513e-05 -1.64654415e-05
-1.36999651e-02 -1.76761726e-05 9.99906151e-01 6.35102528e-01
0.00000000e+00 0.00000000e+00 0.00000000e+00 1.00000000e+00
-3.69236256e-02 -1.93216528e-01 -9.80461126e-01 2.45694377e-02
4.28265330e-02 9.79922822e-01 -1.94723269e-01 8.68044904e-03
9.98399987e-01 -4.91796398e-02 -2.79075094e-02 5.56945464e-01
0.00000000e+00 0.00000000e+00 0.00000000e+00 1.00000000e+00
-1.20133210e-01 9.63929100e-01 -2.37505162e-01 8.65843080e-02
9.92330167e-01 1.23615476e-01 -2.32644437e-04 -1.11882604e-01
2.91350608e-02 -2.35711486e-01 -9.71386249e-01 6.36620901e-01
0.00000000e+00 0.00000000e+00 0.00000000e+00 1.00000000e+00
9.99906173e-01 -5.73462681e-05 1.36982141e-02 6.28933304e-01
5.70462286e-05 9.99999998e-01 2.22942793e-05 -2.11697381e-05
-1.36982153e-02 -2.15107561e-05 9.99906175e-01 6.35101886e-01
0.00000000e+00 0.00000000e+00 0.00000000e+00 1.00000000e+00
-5.13015132e-02 -8.28876276e-02 -9.95237558e-01 3.29814775e-02
-5.31193478e-02 9.95365604e-01 -8.01601487e-02 -9.26099650e-04
9.97269517e-01 4.87540330e-02 -5.54666984e-02 5.36102285e-01
0.00000000e+00 0.00000000e+00 0.00000000e+00 1.00000000e+00
-2.22681188e-02 9.97350047e-01 -6.92604855e-02 -1.30024886e-02
9.99243702e-01 2.44122461e-02 3.02665704e-02 -1.17361992e-01
3.18771694e-02 -6.85341244e-02 -9.97139368e-01 6.33041921e-01
0.00000000e+00 0.00000000e+00 0.00000000e+00 1.00000000e+00
9.99906208e-01 -6.05420561e-05 1.36956726e-02 6.28931401e-01
6.02155148e-05 9.99999998e-01 2.42550253e-05 -2.23459201e-05
-1.36956740e-02 -2.34280584e-05 9.99906210e-01 6.35100950e-01
0.00000000e+00 0.00000000e+00 0.00000000e+00 1.00000000e+00
-6.60335246e-02 -2.62115902e-02 -9.97473070e-01 3.55773688e-02
-9.59286127e-02 9.95191247e-01 -1.98010766e-02 -6.03290892e-03
9.93195487e-01 9.43786729e-02 -6.82304272e-02 5.26008952e-01
0.00000000e+00 0.00000000e+00 0.00000000e+00 1.00000000e+00
2.76097711e-02 9.99129374e-01 3.12761031e-02 -6.98314474e-02
9.99605066e-01 -2.77597501e-02 4.37121763e-03 -1.12996234e-01
5.23562874e-03 3.11430628e-02 -9.99501225e-01 6.26514148e-01
0.00000000e+00 0.00000000e+00 0.00000000e+00 1.00000000e+00
9.99906208e-01 -6.29196307e-05 1.36956731e-02 6.28931402e-01
6.27241597e-05 9.99999998e-01 1.47020059e-05 -2.32768868e-05
-1.36956740e-02 -1.38415774e-05 9.99906210e-01 6.35100950e-01
0.00000000e+00 0.00000000e+00 0.00000000e+00 1.00000000e+00
-6.59576530e-02 -2.62421066e-02 -9.97477288e-01 3.55780415e-02
-9.58328424e-02 9.95199593e-01 -1.98452884e-02 -6.02492345e-03
9.93209774e-01 9.42821351e-02 -6.81558851e-02 5.26020521e-01
0.00000000e+00 0.00000000e+00 0.00000000e+00 1.00000000e+00
2.77590564e-02 9.99073466e-01 3.28883546e-02 -6.97838109e-02
9.99605497e-01 -2.78845161e-02 3.36212376e-03 -1.12970134e-01
4.27608449e-03 3.27820507e-02 -9.99453377e-01 6.26247564e-01
0.00000000e+00 0.00000000e+00 0.00000000e+00 1.00000000e+00
9.99906120e-01 -6.29193623e-05 1.37020872e-02 6.28931619e-01
6.25924423e-05 9.99999998e-01 2.42879819e-05 -2.32279578e-05
-1.37020887e-02 -2.34280546e-05 9.99906122e-01 6.35102269e-01
0.00000000e+00 0.00000000e+00 0.00000000e+00 1.00000000e+00
-5.03722103e-02 -3.53454315e-02 -9.98104875e-01 3.85387702e-02
-1.05787577e-01 9.93940352e-01 -2.98590832e-02 -6.28856794e-03
9.93112093e-01 1.04083028e-01 -5.38060800e-02 5.26013893e-01
0.00000000e+00 0.00000000e+00 0.00000000e+00 1.00000000e+00
3.34448719e-02 9.98992593e-01 2.99205613e-02 -6.77267352e-02
9.99273032e-01 -3.28761530e-02 -1.93019515e-02 -1.17533590e-01
-1.82988337e-02 3.05443614e-02 -9.99365896e-01 6.26000444e-01
0.00000000e+00 0.00000000e+00 0.00000000e+00 1.00000000e+00
9.99906161e-01 -6.28871443e-05 1.36990998e-02 6.28931815e-01
6.25923225e-05 9.99999998e-01 2.19500034e-05 -2.32279367e-05
-1.36991012e-02 -2.10904852e-05 9.99906163e-01 6.35102228e-01
0.00000000e+00 0.00000000e+00 0.00000000e+00 1.00000000e+00
1.27242969e-01 -1.17434412e-01 -9.84895114e-01 7.05365923e-02
-1.94917084e-01 9.70643923e-01 -1.40917367e-01 -5.68076019e-03
9.72531006e-01 2.09903628e-01 1.00617641e-01 5.24113234e-01
0.00000000e+00 0.00000000e+00 0.00000000e+00 1.00000000e+00
1.41125245e-01 9.84957774e-01 -9.97088224e-02 -3.28153847e-02
9.69130206e-01 -1.16881747e-01 2.17083625e-01 -2.14671468e-01
2.02164063e-01 -1.27266811e-01 -9.71047296e-01 5.66273530e-01
0.00000000e+00 0.00000000e+00 0.00000000e+00 1.00000000e+00
9.99906167e-01 -6.05421266e-05 1.36986822e-02 6.28931628e-01
6.02155123e-05 9.99999998e-01 2.42552065e-05 -2.23459065e-05
-1.36986837e-02 -2.34280574e-05 9.99906168e-01 6.35102073e-01
0.00000000e+00 0.00000000e+00 0.00000000e+00 1.00000000e+00
4.88827269e-01 -8.78617117e-03 -8.72336348e-01 3.29632738e-01
-3.15338056e-02 9.99117845e-01 -2.77335738e-02 -2.25581928e-03
8.71810484e-01 4.10650119e-02 4.88118986e-01 7.53819216e-01
0.00000000e+00 0.00000000e+00 0.00000000e+00 1.00000000e+00
-3.94003456e-02 9.98188592e-01 4.54658869e-02 -5.71238795e-02
8.77954076e-01 1.28562721e-02 4.78572207e-01 -1.13470195e-01
4.77120795e-01 5.87728710e-02 -8.76870285e-01 3.00857263e-01
0.00000000e+00 0.00000000e+00 0.00000000e+00 1.00000000e+00
9.99902885e-01 3.50643859e-05 1.39362422e-02 6.28982287e-01
-3.48575893e-05 9.99999999e-01 -1.50816670e-05 1.29340960e-05
-1.39362428e-02 1.45944185e-05 9.99902886e-01 6.35202924e-01
0.00000000e+00 0.00000000e+00 0.00000000e+00 1.00000000e+00
5.10287212e-01 -7.54606686e-02 -8.56687019e-01 3.37510888e-01
-3.54348421e-02 9.93452209e-01 -1.08614363e-01 4.52412773e-03
8.59273724e-01 8.57810898e-02 5.04272022e-01 7.46094347e-01
0.00000000e+00 0.00000000e+00 0.00000000e+00 1.00000000e+00
1.21610331e-02 9.98890323e-01 -4.54997983e-02 -3.54513786e-02
8.59604443e-01 1.28018103e-02 5.10799682e-01 -1.20744994e-01
5.10815339e-01 -4.53236806e-02 -8.58494877e-01 2.98749226e-01
0.00000000e+00 0.00000000e+00 0.00000000e+00 1.00000000e+00
9.99902998e-01 3.49352037e-05 1.39281388e-02 6.28981926e-01
-3.48575590e-05 9.99999999e-01 -5.81742837e-06 1.29341061e-05
-1.39281390e-02 5.33136314e-06 9.99902999e-01 6.35200912e-01
0.00000000e+00 0.00000000e+00 0.00000000e+00 1.00000000e+00
7.43379481e-01 5.95230146e-02 -6.66216150e-01 4.28638554e-02
1.97018325e-01 -9.71329154e-01 1.33054326e-01 3.49737152e-01
-6.39195375e-01 -2.30166646e-01 -7.33793287e-01 1.23854570e-01
0.00000000e+00 0.00000000e+00 0.00000000e+00 1.00000000e+00
-1.60579161e-01 -9.86411784e-01 3.47293199e-02 -1.53459108e-01
-6.27937665e-01 1.29243153e-01 7.67457162e-01 -5.82764624e-02
-7.61517315e-01 1.01429779e-01 -6.40158870e-01 8.33695757e-01
0.00000000e+00 0.00000000e+00 0.00000000e+00 1.00000000e+00
9.99905401e-01 -7.46723631e-05 1.37543826e-02 6.28973597e-01
7.52660528e-05 9.99999996e-01 -4.26460399e-05 -2.79288348e-05
-1.37543794e-02 4.36772437e-05 9.99905403e-01 6.35149219e-01
0.00000000e+00 0.00000000e+00 0.00000000e+00 1.00000000e+00
7.40749267e-01 1.86717403e-02 -6.71522070e-01 3.22792353e-02
1.78541329e-01 -9.69135135e-01 1.70000249e-01 3.41453809e-01
-6.47621431e-01 -2.45822002e-01 -7.21219818e-01 1.15713623e-01
0.00000000e+00 0.00000000e+00 0.00000000e+00 1.00000000e+00
-1.77753600e-01 -9.84067622e-01 -3.81752008e-03 -1.02216465e-01
-6.39856992e-01 1.12629273e-01 7.60195814e-01 -6.11782442e-02
-7.47654123e-01 1.37570209e-01 -6.49682807e-01 8.57554017e-01
0.00000000e+00 0.00000000e+00 0.00000000e+00 1.00000000e+00
9.99905454e-01 -7.77359702e-05 1.37505289e-02 6.28973308e-01
7.84346610e-05 9.99999996e-01 -5.02726454e-05 -2.91047485e-05
-1.37505249e-02 5.13464104e-05 9.99905456e-01 6.35147781e-01
0.00000000e+00 0.00000000e+00 0.00000000e+00 1.00000000e+00
7.40740640e-01 1.88142226e-02 -6.71527609e-01 3.22834263e-02
1.78647759e-01 -9.69131624e-01 1.69908424e-01 3.41474557e-01
-6.47601947e-01 -2.45824977e-01 -7.21236299e-01 1.15726705e-01
0.00000000e+00 0.00000000e+00 0.00000000e+00 1.00000000e+00
-1.77263847e-01 -9.84157366e-01 -3.43628808e-03 -1.02434358e-01
-6.40953075e-01 1.12795799e-01 7.59247169e-01 -6.12797705e-02
-7.46831094e-01 1.36789574e-01 -6.50793307e-01 8.58603503e-01
0.00000000e+00 0.00000000e+00 0.00000000e+00 1.00000000e+00
9.99905557e-01 -7.77360984e-05 1.37430101e-02 6.28973300e-01
7.84344112e-05 9.99999996e-01 -5.02732352e-05 -2.91047305e-05
-1.37430062e-02 5.13464122e-05 9.99905559e-01 6.35147240e-01
0.00000000e+00 0.00000000e+00 0.00000000e+00 1.00000000e+00
7.40740814e-01 1.88113008e-02 -6.71527499e-01 3.22831915e-02
1.78645603e-01 -9.69131687e-01 1.69910334e-01 3.41474386e-01
-6.47602343e-01 -2.45824954e-01 -7.21235951e-01 1.15726677e-01
0.00000000e+00 0.00000000e+00 0.00000000e+00 1.00000000e+00
-1.76879797e-01 -9.84225996e-01 -3.56747779e-03 -1.02055837e-01
-6.40627742e-01 1.12376941e-01 7.59583781e-01 -6.12124694e-02
-7.47201201e-01 1.36640450e-01 -6.50399687e-01 8.58195110e-01
0.00000000e+00 0.00000000e+00 0.00000000e+00 1.00000000e+00
9.99905456e-01 -7.74262118e-05 1.37503504e-02 6.28973246e-01
7.80781279e-05 9.99999996e-01 -4.68740546e-05 -2.89724575e-05
-1.37503467e-02 4.79432245e-05 9.99905458e-01 6.35147715e-01
0.00000000e+00 0.00000000e+00 0.00000000e+00 1.00000000e+00
4.55004774e-01 -4.26223481e-02 -8.89468375e-01 -2.49793767e-01
-7.00570554e-01 5.99461686e-01 -3.87100228e-01 -5.19251433e-01
5.49701332e-01 7.99267804e-01 2.42897967e-01 5.18411855e-01
0.00000000e+00 0.00000000e+00 0.00000000e+00 1.00000000e+00
7.54189459e-01 6.55975633e-01 -2.99036572e-02 -4.52494542e-01
5.85163354e-01 -6.50716031e-01 4.83893063e-01 -1.01698529e-01
2.97963269e-01 -3.82445571e-01 -8.74616073e-01 9.62309224e-01
0.00000000e+00 0.00000000e+00 0.00000000e+00 1.00000000e+00
9.99905037e-01 3.86332723e-05 1.37809849e-02 6.28967357e-01
-3.80276883e-05 9.99999998e-01 -4.42054919e-05 1.41106295e-05
-1.37809866e-02 4.36772350e-05 9.99905037e-01 6.35153536e-01
0.00000000e+00 0.00000000e+00 0.00000000e+00 1.00000000e+00
4.55029799e-01 -4.26572640e-02 -8.89453900e-01 -2.49783743e-01
-7.00525368e-01 5.99496351e-01 -3.87128317e-01 -5.19238486e-01
5.49738202e-01 7.99239941e-01 2.42906209e-01 5.18452158e-01
0.00000000e+00 0.00000000e+00 0.00000000e+00 1.00000000e+00
7.54597590e-01 6.55756618e-01 -2.37851670e-02 -4.53255518e-01
5.80856204e-01 -6.50666512e-01 4.89120803e-01 -1.01515306e-01
3.05267992e-01 -3.82905141e-01 -8.71891682e-01 9.61604468e-01
0.00000000e+00 0.00000000e+00 0.00000000e+00 1.00000000e+00
9.99904800e-01 3.86337037e-05 1.37981969e-02 6.28966828e-01
-3.80273587e-05 9.99999998e-01 -4.42061465e-05 1.41106265e-05
-1.37981986e-02 4.36772290e-05 9.99904799e-01 6.35154301e-01
0.00000000e+00 0.00000000e+00 0.00000000e+00 1.00000000e+00
4.54989773e-01 -4.27302278e-02 -8.89470873e-01 -2.49783355e-01
-7.00508431e-01 5.99514542e-01 -3.87130794e-01 -5.19237808e-01
5.49792910e-01 7.99222398e-01 2.42840101e-01 5.18460409e-01
0.00000000e+00 0.00000000e+00 0.00000000e+00 1.00000000e+00
7.55112959e-01 6.55011879e-01 -2.76379734e-02 -4.53122575e-01
5.81690465e-01 -6.49949681e-01 4.89082421e-01 -1.01638752e-01
3.02391503e-01 -3.85389220e-01 -8.71799592e-01 9.62380327e-01
0.00000000e+00 0.00000000e+00 0.00000000e+00 1.00000000e+00
9.99904761e-01 3.70065516e-05 1.38010217e-02 6.28966831e-01
-3.64398563e-05 9.99999998e-01 -4.13132985e-05 1.35215884e-05
-1.38010232e-02 4.08064566e-05 9.99904761e-01 6.35154504e-01
0.00000000e+00 0.00000000e+00 0.00000000e+00 1.00000000e+00
4.54993358e-01 -4.27214319e-02 -8.89469462e-01 -2.49782782e-01
-7.00505072e-01 5.99520986e-01 -3.87126894e-01 -5.19237043e-01
5.49794224e-01 7.99218035e-01 2.42851486e-01 5.18462434e-01
0.00000000e+00 0.00000000e+00 0.00000000e+00 1.00000000e+00
7.54814828e-01 6.55427374e-01 -2.58753209e-02 -4.53070638e-01
5.81790084e-01 -6.50749829e-01 4.87898513e-01 -1.01482917e-01
3.02943681e-01 -3.83327038e-01 -8.72516767e-01 9.61798689e-01
0.00000000e+00 0.00000000e+00 0.00000000e+00 1.00000000e+00
9.99904800e-01 3.85980994e-05 1.37981970e-02 6.28966828e-01
-3.80272939e-05 9.99999998e-01 -4.16304835e-05 1.41106219e-05
-1.37981986e-02 4.11018121e-05 9.99904799e-01 6.35154301e-01
0.00000000e+00 0.00000000e+00 0.00000000e+00 1.00000000e+00
4.88324994e-01 -2.47730946e-03 -8.72658331e-01 -2.00704904e-01
-6.56446060e-01 6.57850417e-01 -3.69203737e-01 -5.30732316e-01
5.74993279e-01 7.53144536e-01 3.19618581e-01 5.48149682e-01
0.00000000e+00 0.00000000e+00 0.00000000e+00 1.00000000e+00
7.09206572e-01 7.04819659e-01 1.59777092e-02 -5.04410464e-01
6.06188321e-01 -6.21219119e-01 4.96611040e-01 -1.14706150e-01
3.59946883e-01 -3.42514313e-01 -8.67826127e-01 9.05255765e-01
0.00000000e+00 0.00000000e+00 0.00000000e+00 1.00000000e+00
9.99904742e-01 3.55438966e-05 1.38023450e-02 6.28967568e-01
-3.48582732e-05 9.99999998e-01 -4.99149896e-05 1.29346537e-05
-1.38023468e-02 4.94291089e-05 9.99904742e-01 6.35155845e-01
0.00000000e+00 0.00000000e+00 0.00000000e+00 1.00000000e+00
5.24766685e-01 3.61509926e-02 -8.50478120e-01 -1.14663182e-01
-5.60140162e-01 7.66982512e-01 -3.13018889e-01 -5.29599980e-01
6.40985901e-01 6.40648836e-01 4.22736493e-01 5.96559674e-01
0.00000000e+00 0.00000000e+00 0.00000000e+00 1.00000000e+00
5.99065013e-01 7.98245663e-01 6.26495891e-02 -5.58746809e-01
6.66579003e-01 -5.40539096e-01 5.13312691e-01 -1.38746826e-01
4.43614181e-01 -2.65746773e-01 -8.55911859e-01 7.96215854e-01
0.00000000e+00 0.00000000e+00 0.00000000e+00 1.00000000e+00
9.99904726e-01 2.92051979e-05 1.38035793e-02 6.28967661e-01
-2.85201168e-05 9.99999998e-01 -4.98275350e-05 1.05827656e-05
-1.38035807e-02 4.94291080e-05 9.99904725e-01 6.35156305e-01
0.00000000e+00 0.00000000e+00 0.00000000e+00 1.00000000e+00
5.03586412e-01 8.55764916e-03 -8.63902478e-01 2.70249475e-02
-3.01326263e-01 9.38898608e-01 -1.66348691e-01 -4.59869995e-01
8.09693281e-01 3.44087446e-01 4.75395226e-01 6.69418596e-01
0.00000000e+00 0.00000000e+00 0.00000000e+00 1.00000000e+00
3.23501094e-01 9.45370898e-01 4.02605058e-02 -5.28381445e-01
8.08273302e-01 -2.98208689e-01 5.07706457e-01 -1.83969219e-01
4.91976942e-01 -1.31702102e-01 -8.60588894e-01 6.11837281e-01
0.00000000e+00 0.00000000e+00 0.00000000e+00 1.00000000e+00
9.99904671e-01 1.28968146e-05 1.38075408e-02 6.28969028e-01
-1.19483597e-05 9.99999998e-01 -6.87735716e-05 4.43343361e-06
-1.38075417e-02 6.86020381e-05 9.99904669e-01 6.35157775e-01
0.00000000e+00 0.00000000e+00 0.00000000e+00 1.00000000e+00
-9.30828641e-02 -1.57968057e-01 -9.83047137e-01 1.10337010e-01
3.27841852e-01 9.27412662e-01 -1.80070750e-01 -1.70635620e-01
9.40135788e-01 -3.39045495e-01 -3.45376863e-02 6.89068146e-01
0.00000000e+00 0.00000000e+00 0.00000000e+00 1.00000000e+00
-3.81339199e-01 9.08681912e-01 -1.69934100e-01 -1.30791154e-01
9.24420167e-01 3.73786838e-01 -7.57017452e-02 -4.23568163e-02
-5.26967653e-03 -1.85958552e-01 -9.82543458e-01 5.72362412e-01
0.00000000e+00 0.00000000e+00 0.00000000e+00 1.00000000e+00
9.99904355e-01 -2.19987576e-05 1.38304404e-02 6.28975297e-01
2.37674760e-05 9.99999992e-01 -1.27721552e-04 -8.81995514e-06
-1.38304375e-02 1.28038050e-04 9.99904347e-01 6.35169117e-01
0.00000000e+00 0.00000000e+00 0.00000000e+00 1.00000000e+00
-2.62758306e-01 -1.60528938e-01 -9.51413965e-01 9.36876762e-02
3.83797869e-01 8.87306304e-01 -2.55708267e-01 -1.24266038e-01
8.85244186e-01 -4.32340123e-01 -1.71536437e-01 6.70168453e-01
0.00000000e+00 0.00000000e+00 0.00000000e+00 1.00000000e+00
-4.68824287e-01 8.56643681e-01 -2.15326243e-01 -6.56882883e-02
8.74301936e-01 4.15362090e-01 -2.51138326e-01 4.42229088e-02
-1.25697702e-01 -3.05999897e-01 -9.43697065e-01 5.81813975e-01
0.00000000e+00 0.00000000e+00 0.00000000e+00 1.00000000e+00
9.99904328e-01 -2.97890240e-05 1.38323328e-02 6.28974669e-01
3.16898418e-05 9.99999990e-01 -1.37199291e-04 -1.17597491e-05
-1.38323286e-02 1.37624509e-04 9.99904319e-01 6.35169828e-01
0.00000000e+00 0.00000000e+00 0.00000000e+00 1.00000000e+00
-3.61145133e-01 -1.56597236e-01 -9.19266827e-01 8.13400175e-02
4.01585796e-01 8.63584003e-01 -3.04879514e-01 -1.00653385e-01
8.41607415e-01 -4.79270253e-01 -2.48991933e-01 6.56479444e-01
0.00000000e+00 0.00000000e+00 0.00000000e+00 1.00000000e+00
-5.19014746e-01 8.21522820e-01 -2.36059209e-01 -2.88705678e-02
8.34817995e-01 4.27874654e-01 -3.46413332e-01 1.07440120e-01
-1.83582705e-01 -3.76860103e-01 -9.07895288e-01 5.81776207e-01
0.00000000e+00 0.00000000e+00 0.00000000e+00 1.00000000e+00
9.99904506e-01 -3.29063692e-05 1.38194513e-02 6.28973457e-01
3.48581138e-05 9.99999989e-01 -1.40990853e-04 -1.29356526e-05
-1.38194466e-02 1.41459110e-04 9.99904497e-01 6.35167859e-01
0.00000000e+00 0.00000000e+00 0.00000000e+00 1.00000000e+00
4.28200825e-01 -3.41542159e-03 -9.03677148e-01 3.10078490e-01
-6.69420731e-03 9.99953432e-01 -6.95129632e-03 5.57066850e-03
9.03658808e-01 9.02595299e-03 4.28158021e-01 7.70972325e-01
0.00000000e+00 0.00000000e+00 0.00000000e+00 1.00000000e+00
-6.89471837e-02 9.96627805e-01 4.44893702e-02 -5.39170348e-02
9.04745072e-01 4.36763944e-02 4.23708305e-01 -8.55964840e-02
4.20336342e-01 6.94650327e-02 -9.04705460e-01 3.34936831e-01
0.00000000e+00 0.00000000e+00 0.00000000e+00 1.00000000e+00
9.99904395e-01 2.81314217e-05 1.38274854e-02 6.28974041e-01
-2.61461970e-05 9.99999989e-01 -1.43751668e-04 9.70084932e-06
-1.38274893e-02 1.43376388e-04 9.99904385e-01 6.35171993e-01
0.00000000e+00 0.00000000e+00 0.00000000e+00 1.00000000e+00
4.27719396e-01 -7.38810202e-03 -9.03881372e-01 3.09686709e-01
-9.51630115e-03 9.99874373e-01 -1.26758674e-02 5.35576862e-03
9.03861471e-01 1.40233217e-02 4.27595355e-01 7.71556499e-01
0.00000000e+00 0.00000000e+00 0.00000000e+00 1.00000000e+00
-6.90617236e-02 9.96612894e-01 4.46454585e-02 -5.39167897e-02
9.04588139e-01 4.36888471e-02 4.24041959e-01 -8.55868126e-02
4.20655176e-01 6.96708209e-02 -9.04541431e-01 3.34831949e-01
0.00000000e+00 0.00000000e+00 0.00000000e+00 1.00000000e+00
9.99904450e-01 2.82186930e-05 1.38235652e-02 6.28973855e-01
-2.61465682e-05 9.99999988e-01 -1.50078705e-04 9.70088081e-06
-1.38235693e-02 1.49702926e-04 9.99904439e-01 6.35171494e-01
0.00000000e+00 0.00000000e+00 0.00000000e+00 1.00000000e+00
4.21208707e-01 -1.70358442e-01 -8.90820535e-01 2.93851568e-01
-1.12033312e-01 9.64905511e-01 -2.37499246e-01 -2.81373275e-03
9.00017645e-01 1.99838325e-01 3.87340782e-01 7.92990711e-01
0.00000000e+00 0.00000000e+00 0.00000000e+00 1.00000000e+00
1.21692653e-01 9.82507781e-01 -1.40958711e-01 1.93628580e-02
9.03576976e-01 -5.08859274e-02 4.25393079e-01 -6.14919489e-02
4.10779195e-01 -1.79134258e-01 -8.93963853e-01 3.68521337e-01
0.00000000e+00 0.00000000e+00 0.00000000e+00 1.00000000e+00
9.99904499e-01 3.03747868e-05 1.38199726e-02 6.28972294e-01
-2.85229125e-05 9.99999991e-01 -1.34196936e-04 1.05828352e-05
-1.38199765e-02 1.33789934e-04 9.99904491e-01 6.35170255e-01
0.00000000e+00 0.00000000e+00 0.00000000e+00 1.00000000e+00
3.80548345e-01 9.56652493e-02 -9.19799498e-01 3.29657585e-01
-4.79887059e-02 9.95337560e-01 8.36673571e-02 -3.46638483e-03
9.23515046e-01 1.23005133e-02 3.83364913e-01 7.03421949e-01
0.00000000e+00 0.00000000e+00 0.00000000e+00 1.00000000e+00
-6.09225483e-02 9.87127253e-01 1.47879105e-01 -9.73617336e-02
9.30682679e-01 2.63666532e-03 3.65817986e-01 -1.16836818e-01
3.60718996e-01 1.59915085e-01 -9.18862869e-01 2.82779774e-01
0.00000000e+00 0.00000000e+00 0.00000000e+00 1.00000000e+00
9.99906341e-01 6.92941126e-05 1.36858908e-02 6.28929397e-01
-6.95032964e-05 9.99999997e-01 1.48090009e-05 2.57941935e-05
-1.36858898e-02 -1.57588285e-05 9.99906344e-01 6.35129054e-01
0.00000000e+00 0.00000000e+00 0.00000000e+00 1.00000000e+00
3.73683052e-01 6.75064390e-02 -9.25096675e-01 3.26515653e-01
-2.07221856e-02 9.97706766e-01 6.44344565e-02 -1.50276452e-03
9.27324953e-01 -4.90803940e-03 3.74224991e-01 7.12183394e-01
0.00000000e+00 0.00000000e+00 0.00000000e+00 1.00000000e+00
-7.18541505e-02 9.89445709e-01 1.25833902e-01 -8.89584033e-02
9.37715158e-01 2.40215504e-02 3.46573582e-01 -1.11723492e-01
3.39893018e-01 1.42899108e-01 -9.29544287e-01 2.91347340e-01
0.00000000e+00 0.00000000e+00 0.00000000e+00 1.00000000e+00
9.99906436e-01 6.71804248e-05 1.36789980e-02 6.28928959e-01
-6.73372509e-05 9.99999998e-01 1.10041631e-05 2.49903729e-05
-1.36789972e-02 -1.19242397e-05 9.99906438e-01 6.35128183e-01
0.00000000e+00 0.00000000e+00 0.00000000e+00 1.00000000e+00
3.44861570e-01 -3.90958378e-02 -9.37839012e-01 3.09945511e-01
9.28363375e-02 9.95654118e-01 -7.36826550e-03 6.67306641e-03
9.34051343e-01 -8.45245074e-02 3.46992357e-01 7.49070941e-01
0.00000000e+00 0.00000000e+00 0.00000000e+00 1.00000000e+00
-1.55228161e-01 9.87812130e-01 1.14635756e-02 -4.60010133e-02
9.31916581e-01 1.42574589e-01 3.33472598e-01 -8.19023698e-02
3.27773863e-01 6.24474342e-02 -9.42690094e-01 3.33768720e-01
0.00000000e+00 0.00000000e+00 0.00000000e+00 1.00000000e+00
9.99906411e-01 6.80675645e-05 1.36808404e-02 6.28928679e-01
-6.82243279e-05 9.99999998e-01 1.09919054e-05 2.53195173e-05
-1.36808397e-02 -1.19242428e-05 9.99906413e-01 6.35127172e-01
0.00000000e+00 0.00000000e+00 0.00000000e+00 1.00000000e+00
3.01271052e-01 -1.77221409e-01 -9.36924930e-01 2.57528282e-01
2.91567585e-01 9.52636690e-01 -8.64388821e-02 2.09841158e-02
9.07867885e-01 -2.47135406e-01 3.38673876e-01 8.22374254e-01
0.00000000e+00 0.00000000e+00 0.00000000e+00 1.00000000e+00
-3.14579812e-01 9.38881384e-01 -1.39790163e-01 4.61469774e-03
8.91005740e-01 3.42847961e-01 2.97597123e-01 -2.93218162e-02
3.27335171e-01 -3.09357906e-02 -9.44401749e-01 4.11327394e-01
0.00000000e+00 0.00000000e+00 0.00000000e+00 1.00000000e+00
9.99906638e-01 7.04819506e-05 1.36642060e-02 6.28926458e-01
-7.05073143e-05 9.99999998e-01 1.37447214e-06 2.61666833e-05
-1.36642059e-02 -2.33777028e-06 9.99906640e-01 6.35121376e-01
0.00000000e+00 0.00000000e+00 0.00000000e+00 1.00000000e+00
2.97388501e-01 -1.62271625e-01 -9.40865559e-01 1.39447593e-01
3.64468245e-01 9.30117376e-01 -4.52168676e-02 2.62373858e-02
8.82452819e-01 -3.29468642e-01 3.35749067e-01 9.06064810e-01
0.00000000e+00 0.00000000e+00 0.00000000e+00 1.00000000e+00
-4.08267392e-01 9.05276710e-01 -1.17438555e-01 -1.41247301e-02
8.55661239e-01 4.24328520e-01 2.96292339e-01 3.16232885e-03
3.18059082e-01 2.04788814e-02 -9.47849691e-01 5.51197583e-01
0.00000000e+00 0.00000000e+00 0.00000000e+00 1.00000000e+00
9.99907473e-01 8.05302743e-05 1.36029061e-02 6.28921103e-01
-8.05024623e-05 9.99999997e-01 -2.59212264e-06 2.98761708e-05
-1.36029063e-02 1.49681536e-06 9.99907476e-01 6.35099813e-01
0.00000000e+00 0.00000000e+00 0.00000000e+00 1.00000000e+00
2.01821500e-01 -4.84893039e-02 -9.78221278e-01 1.17234425e-02
1.93068326e-01 9.81145838e-01 -8.80142320e-03 1.39010293e-02
9.60204511e-01 -1.87087229e-01 2.07378074e-01 9.38573499e-01
0.00000000e+00 0.00000000e+00 0.00000000e+00 1.00000000e+00
-2.67040359e-01 9.63680391e-01 3.09029635e-03 -6.79221082e-02
9.50046973e-01 2.62722177e-01 1.68486813e-01 7.95946709e-02
1.61555548e-01 4.79287057e-02 -9.85699064e-01 6.81555011e-01
0.00000000e+00 0.00000000e+00 0.00000000e+00 1.00000000e+00
9.99908075e-01 8.86811409e-05 1.35584957e-02 6.28917126e-01
-8.87306819e-05 9.99999996e-01 3.05231218e-06 3.29300072e-05
-1.35584954e-02 -4.25508617e-06 9.99908079e-01 6.35083250e-01
0.00000000e+00 0.00000000e+00 0.00000000e+00 1.00000000e+00
7.16394296e-02 -1.63448408e-02 -9.97296665e-01 -5.76650577e-02
6.31738442e-02 9.97932572e-01 -1.18172568e-02 4.55117269e-03
9.95427977e-01 -6.21564826e-02 7.25238867e-02 9.37678344e-01
0.00000000e+00 0.00000000e+00 0.00000000e+00 1.00000000e+00
-1.32662908e-01 9.90573375e-01 3.41312396e-02 -7.18113438e-02
9.91158229e-01 1.32668342e-01 2.11555473e-03 1.81537549e-01
-2.43252277e-03 3.41101147e-02 -9.99415120e-01 7.34068655e-01
0.00000000e+00 0.00000000e+00 0.00000000e+00 1.00000000e+00
9.99908353e-01 8.91687408e-05 1.35380271e-02 6.28915161e-01
-8.90883924e-05 9.99999996e-01 -6.53808243e-06 3.30626808e-05
-1.35380276e-02 5.33140216e-06 9.99908357e-01 6.35075618e-01
0.00000000e+00 0.00000000e+00 0.00000000e+00 1.00000000e+00
