-1.77475446e-02 -1.80707085e-04 -9.99842484e-01 2.97759631e-01
3.18867150e-05 9.99999983e-01 -1.81301551e-04 2.75643048e-05
9.99842499e-01 -3.50993497e-05 -1.77475385e-02 7.06126936e-01
0.00000000e+00 0.00000000e+00 0.00000000e+00 1.00000000e+00
-6.71717712e-02 9.96645792e-01 4.67452543e-02 -6.15880008e-02
9.93887092e-01 7.09529578e-02 -8.45820717e-02 2.52227458e-02
-8.76150798e-02 4.07779773e-02 -9.95319423e-01 3.55574826e-01
0.00000000e+00 0.00000000e+00 0.00000000e+00 1.00000000e+00
9.99907145e-01 -6.32579512e-07 1.36272370e-02 -3.71062117e-01
-2.68955185e-10 9.99999999e-01 4.64399672e-05 1.93647734e-11
-1.36272371e-02 -4.64356587e-05 9.99907144e-01 6.35087808e-01
0.00000000e+00 0.00000000e+00 0.00000000e+00 1.00000000e+00
-1.77522193e-02 -1.77286116e-04 -9.99842401e-01 2.97758947e-01
3.18632248e-05 9.99999984e-01 -1.77879790e-04 2.79516239e-05
9.99842416e-01 -3.50159643e-05 -1.77522133e-02 7.06128337e-01
0.00000000e+00 0.00000000e+00 0.00000000e+00 1.00000000e+00
-6.71675893e-02 9.96675380e-01 4.61161705e-02 -6.15990180e-02
9.93960163e-01 7.08618535e-02 -8.37961336e-02 2.52251935e-02
-8.67854206e-02 4.02092520e-02 -9.95415243e-01 3.55558578e-01
0.00000000e+00 0.00000000e+00 0.00000000e+00 1.00000000e+00
9.99907133e-01 -6.32620223e-07 1.36281137e-02 -3.71062051e-01
-2.68955185e-10 9.99999999e-01 4.64399672e-05 1.93647734e-11
-1.36281137e-02 -4.64356582e-05 9.99907132e-01 6.35088135e-01
0.00000000e+00 0.00000000e+00 0.00000000e+00 1.00000000e+00
-7.13259510e-02 -1.72949190e-04 -9.97453046e-01 2.45856209e-01
2.73593761e-05 9.99999984e-01 -1.75347222e-04 2.31785010e-05
9.97453061e-01 -3.97965004e-05 -7.13259451e-02 7.18113075e-01
0.00000000e+00 0.00000000e+00 0.00000000e+00 1.00000000e+00
-6.35663984e-02 9.96603610e-01 5.23503417e-02 -6.26410691e-02
9.81752001e-01 7.18674715e-02 -1.76062702e-01 5.99620860e-02
-1.79227011e-01 4.02033808e-02 -9.82985944e-01 4.03996814e-01
0.00000000e+00 0.00000000e+00 0.00000000e+00 1.00000000e+00
9.99907229e-01 -6.35036557e-07 1.36210912e-02 -3.71061240e-01
-4.29194792e-10 9.99999999e-01 4.66530693e-05 3.09020250e-11
-1.36210912e-02 -4.66487471e-05 9.99907228e-01 6.35088340e-01
0.00000000e+00 0.00000000e+00 0.00000000e+00 1.00000000e+00
-1.35982537e-01 -1.70308676e-04 -9.90711220e-01 1.83491292e-01
4.44744859e-05 9.99999983e-01 -1.78009922e-04 2.01469486e-05
9.90711233e-01 -6.82676130e-05 -1.35982527e-01 7.22624186e-01
0.00000000e+00 0.00000000e+00 0.00000000e+00 1.00000000e+00
-6.00694290e-02 9.97114826e-01 4.64078454e-02 -6.40033064e-02
9.63293171e-01 7.00928051e-02 -2.59139469e-01 1.01732362e-01
-2.61644663e-01 2.91380006e-02 -9.64724337e-01 4.61790459e-01
0.00000000e+00 0.00000000e+00 0.00000000e+00 1.00000000e+00
9.99907257e-01 -6.84025949e-07 1.36190439e-02 -3.71059896e-01
-6.70565418e-10 9.99999999e-01 5.02749281e-05 4.82807101e-11
-1.36190439e-02 -5.02702745e-05 9.99907255e-01 6.35087565e-01
0.00000000e+00 0.00000000e+00 0.00000000e+00 1.00000000e+00
-1.46326402e-01 2.04324753e-05 -9.89236364e-01 -5.50110765e-01
-3.46355546e-05 9.99999999e-01 2.57780368e-05 6.50915004e-07
9.89236364e-01 3.80347574e-05 -1.46326401e-01 5.05547446e-01
0.00000000e+00 0.00000000e+00 0.00000000e+00 1.00000000e+00
-6.18641336e-02 9.96461093e-01 5.69044805e-02 -8.29652222e-02
9.91161082e-01 6.80388301e-02 -1.13887787e-01 -4.23582980e-03
-1.17356463e-01 4.93559371e-02 -9.91862618e-01 1.22913232e+00
0.00000000e+00 0.00000000e+00 0.00000000e+00 1.00000000e+00
9.99908565e-01 -1.09151396e-06 1.35226607e-02 -3.71086895e-01
-1.74271572e-10 9.99999997e-01 8.07302818e-05 1.25475532e-11
-1.35226607e-02 -8.07229026e-05 9.99908561e-01 6.35047583e-01
0.00000000e+00 0.00000000e+00 0.00000000e+00 1.00000000e+00
-1.08796988e-01 2.85205099e-05 -9.94063989e-01 -5.70135295e-01
-3.16211455e-05 9.99999999e-01 3.21516478e-05 7.68346556e-06
9.94063989e-01 3.49314445e-05 -1.08796987e-01 4.55932560e-01
0.00000000e+00 0.00000000e+00 0.00000000e+00 1.00000000e+00
-6.39322669e-02 9.95210535e-01 7.39503637e-02 -8.29978655e-02
9.96905813e-01 6.70853331e-02 -4.09677742e-02 -1.01248628e-01
-4.57325452e-02 7.11023847e-02 -9.96420085e-01 1.24779518e+00
0.00000000e+00 0.00000000e+00 0.00000000e+00 1.00000000e+00
9.99908273e-01 -1.06455318e-06 1.35442098e-02 -3.71092166e-01
-4.32676909e-11 9.99999997e-01 7.86015914e-05 3.11527375e-12
-1.35442098e-02 -7.85943821e-05 9.99908270e-01 6.35044534e-01
0.00000000e+00 0.00000000e+00 0.00000000e+00 1.00000000e+00
-7.93026830e-02 2.80335345e-05 -9.96850582e-01 -5.79368487e-01
-3.22949302e-05 9.99999999e-01 3.06912687e-05 1.14724041e-05
9.96850582e-01 3.46271199e-05 -7.93026820e-02 4.15001772e-01
0.00000000e+00 0.00000000e+00 0.00000000e+00 1.00000000e+00
-6.29606816e-02 9.96117048e-01 6.15368100e-02 -8.30426041e-02
9.98010259e-01 6.26312267e-02 7.27001353e-03 -1.85229175e-01
3.38765851e-03 6.18720927e-02 -9.98078338e-01 1.25872070e+00
0.00000000e+00 0.00000000e+00 0.00000000e+00 1.00000000e+00
9.99908032e-01 -1.20133953e-06 1.35620071e-02 -3.71095207e-01
-5.85939169e-10 9.99999996e-01 8.86244496e-05 4.21876201e-11
-1.35620071e-02 -8.86163069e-05 9.99908028e-01 6.35043835e-01
0.00000000e+00 0.00000000e+00 0.00000000e+00 1.00000000e+00
-7.93314084e-02 2.81709675e-05 -9.96848297e-01 -5.79366342e-01
-3.22816855e-05 9.99999999e-01 3.08290832e-05 1.15506868e-05
9.96848297e-01 3.46256578e-05 -7.93314074e-02 4.15022237e-01
0.00000000e+00 0.00000000e+00 0.00000000e+00 1.00000000e+00
-6.39734742e-02 9.96332770e-01 5.68190704e-02 -8.30093713e-02
9.97917872e-01 6.33994499e-02 1.18503140e-02 -1.85358943e-01
8.20455841e-03 5.74588716e-02 -9.98314161e-01 1.25935094e+00
0.00000000e+00 0.00000000e+00 0.00000000e+00 1.00000000e+00
9.99908019e-01 -1.14940852e-06 1.35629347e-02 -3.71095138e-01
-5.85939169e-10 9.99999996e-01 8.47894961e-05 4.21876201e-11
-1.35629347e-02 -8.47817050e-05 9.99908016e-01 6.35044181e-01
0.00000000e+00 0.00000000e+00 0.00000000e+00 1.00000000e+00
-7.93602934e-02 2.80361126e-05 -9.96845998e-01 -5.79368258e-01
-3.22910968e-05 9.99999999e-01 3.06955574e-05 1.14725748e-05
9.96845998e-01 3.46252591e-05 -7.93602924e-02 4.15022876e-01
0.00000000e+00 0.00000000e+00 0.00000000e+00 1.00000000e+00
-6.43778161e-02 9.96568651e-01 5.20232727e-02 -8.30368996e-02
9.97863766e-01 6.37059838e-02 1.44724420e-02 -1.85450941e-01
1.11085883e-02 5.28438430e-02 -9.98540999e-01 1.26052628e+00
0.00000000e+00 0.00000000e+00 0.00000000e+00 1.00000000e+00
9.99907957e-01 -1.14975283e-06 1.35675149e-02 -3.71094851e-01
-6.29981918e-10 9.99999996e-01 8.47894961e-05 4.53586981e-11
-1.35675150e-02 -8.47817004e-05 9.99907953e-01 6.35044757e-01
0.00000000e+00 0.00000000e+00 0.00000000e+00 1.00000000e+00
-7.93599452e-02 3.31465775e-05 -9.96846025e-01 -5.79368459e-01
-3.22911816e-05 9.99999999e-01 3.58221861e-05 1.14725742e-05
9.96846025e-01 3.50321828e-05 -7.93599441e-02 4.15021764e-01
0.00000000e+00 0.00000000e+00 0.00000000e+00 1.00000000e+00
-6.23795069e-02 9.96132721e-01 6.18740598e-02 -8.31122828e-02
9.97949959e-01 6.13644602e-02 1.81736844e-02 -1.84990959e-01
1.43065334e-02 6.28808809e-02 -9.97918493e-01 1.25690267e+00
0.00000000e+00 0.00000000e+00 0.00000000e+00 1.00000000e+00
9.99908093e-01 -1.16899994e-06 1.35574976e-02 -3.71093780e-01
-4.75832188e-10 9.99999996e-01 8.62604408e-05 3.42599175e-11
-1.35574977e-02 -8.62525193e-05 9.99908089e-01 6.35044975e-01
0.00000000e+00 0.00000000e+00 0.00000000e+00 1.00000000e+00
-7.93582410e-02 6.35365329e-05 -9.96846159e-01 -5.79367982e-01
-2.66911837e-05 9.99999997e-01 6.58624177e-05 3.29719807e-05
9.96846161e-01 3.18337296e-05 -7.93582391e-02 4.15023513e-01
0.00000000e+00 0.00000000e+00 0.00000000e+00 1.00000000e+00
-6.25696059e-02 9.96225631e-01 6.01625887e-02 -8.31162626e-02
9.98033821e-01 6.22331783e-02 7.45140189e-03 -1.85038768e-01
3.67916844e-03 6.05105296e-02 -9.98160778e-01 1.25745235e+00
0.00000000e+00 0.00000000e+00 0.00000000e+00 1.00000000e+00
9.99908056e-01 -1.14923469e-06 1.35602413e-02 -3.71094465e-01
-5.31395415e-10 9.99999996e-01 8.47894961e-05 3.82604699e-11
-1.35602414e-02 -8.47817074e-05 9.99908052e-01 6.35044574e-01
0.00000000e+00 0.00000000e+00 0.00000000e+00 1.00000000e+00
-5.41987985e-02 9.97005451e-02 -9.93540282e-01 -5.66966611e-01
6.81883364e-02 9.93049590e-01 9.59315503e-02 8.11397082e-02
9.96199197e-01 -6.25484842e-02 -6.06205090e-02 4.37460745e-01
0.00000000e+00 0.00000000e+00 0.00000000e+00 1.00000000e+00
-1.24010407e-01 9.77273387e-01 1.71924827e-01 -1.08058554e-01
9.92222340e-01 1.24010243e-01 1.07837019e-02 -1.94268850e-01
-1.07818147e-02 1.71924945e-01 -9.85051047e-01 1.23200029e+00
0.00000000e+00 0.00000000e+00 0.00000000e+00 1.00000000e+00
9.99908027e-01 -1.20142213e-06 1.35623364e-02 -3.71093775e-01
-5.32519858e-10 9.99999996e-01 8.86244496e-05 3.83414298e-11
-1.35623364e-02 -8.86163058e-05 9.99908023e-01 6.35045323e-01
0.00000000e+00 0.00000000e+00 0.00000000e+00 1.00000000e+00
-1.06210461e-02 1.98484315e-01 -9.80046514e-01 -5.38053724e-01
1.30866224e-01 9.71947913e-01 1.95425908e-01 1.67530945e-01
9.91343142e-01 -1.26179359e-01 -3.62979965e-02 4.61871733e-01
0.00000000e+00 0.00000000e+00 0.00000000e+00 1.00000000e+00
-1.85032384e-01 9.45942619e-01 2.66374881e-01 -1.27131636e-01
9.82613020e-01 1.82309074e-01 3.51433552e-02 -2.10630129e-01
-1.53189605e-02 2.68246085e-01 -9.63228616e-01 1.19482130e+00
0.00000000e+00 0.00000000e+00 0.00000000e+00 1.00000000e+00
9.99908093e-01 -1.33064145e-06 1.35574976e-02 -3.71093780e-01
-8.65270433e-10 9.99999995e-01 9.82118289e-05 6.22994711e-11
-1.35574977e-02 -9.82028142e-05 9.99908088e-01 6.35044975e-01
0.00000000e+00 0.00000000e+00 0.00000000e+00 1.00000000e+00
1.26048610e-01 3.77782012e-01 -9.17274495e-01 -4.14829897e-01
2.05701153e-01 8.94599483e-01 3.96709970e-01 3.36835874e-01
9.70463180e-01 -2.38689162e-01 3.50528256e-02 5.16289801e-01
0.00000000e+00 0.00000000e+00 0.00000000e+00 1.00000000e+00
-2.91243582e-01 8.53248017e-01 4.32602585e-01 -1.40090976e-01
9.56611924e-01 2.55776537e-01 1.39542070e-01 -2.60150066e-01
8.41440377e-03 4.54473524e-01 -8.90720503e-01 1.07523980e+00
0.00000000e+00 0.00000000e+00 0.00000000e+00 1.00000000e+00
9.99908039e-01 -1.44906891e-06 1.35614586e-02 -3.71092413e-01
-1.02104573e-09 9.99999994e-01 1.06927278e-04 7.35152926e-11
-1.35614587e-02 -1.06917459e-04 9.99908033e-01 6.35046445e-01
0.00000000e+00 0.00000000e+00 0.00000000e+00 1.00000000e+00
2.75735791e-01 5.36651931e-01 -7.97480080e-01 -1.83648012e-01
1.46550112e-01 7.96473503e-01 5.86645569e-01 4.44554129e-01
9.49996231e-01 -2.78629975e-01 1.40969851e-01 5.78399112e-01
0.00000000e+00 0.00000000e+00 0.00000000e+00 1.00000000e+00
-3.32840860e-01 7.39051620e-01 5.85678807e-01 -1.31246637e-01
9.39165885e-01 2.03976730e-01 2.76334821e-01 -2.98926362e-01
8.47608492e-02 6.42025074e-01 -7.61983860e-01 8.51862415e-01
0.00000000e+00 0.00000000e+00 0.00000000e+00 1.00000000e+00
9.99908360e-01 -1.89993918e-06 1.35377939e-02 -3.71092171e-01
-7.17022690e-10 9.99999990e-01 1.40396296e-04 5.16256337e-11
-1.35377941e-02 -1.40383439e-04 9.99908350e-01 6.35044972e-01
0.00000000e+00 0.00000000e+00 0.00000000e+00 1.00000000e+00
2.93179870e-01 6.55686552e-01 -6.95787834e-01 1.05828313e-03
1.45290757e-02 7.24628249e-01 6.88986797e-01 4.25777745e-01
9.55946897e-01 -2.12106214e-01 2.02919896e-01 6.18587224e-01
0.00000000e+00 0.00000000e+00 0.00000000e+00 1.00000000e+00
-2.71085375e-01 6.64103432e-01 6.96763482e-01 -1.59165735e-01
9.51366222e-01 7.48071240e-02 2.98841438e-01 -2.72864974e-01
1.46338753e-01 7.43888785e-01 -6.52084691e-01 6.51305397e-01
0.00000000e+00 0.00000000e+00 0.00000000e+00 1.00000000e+00
9.99909068e-01 -2.20587217e-06 1.34854181e-02 -3.71091124e-01
2.27408921e-09 9.99999987e-01 1.63406002e-04 -1.63734423e-10
-1.34854183e-02 -1.63391112e-04 9.99909054e-01 6.35042155e-01
0.00000000e+00 0.00000000e+00 0.00000000e+00 1.00000000e+00
2.52335079e-01 7.20397223e-01 -6.46030069e-01 7.88247550e-02
-5.98022152e-02 6.77968741e-01 7.32654135e-01 3.85278767e-01
9.65790196e-01 -1.46240310e-01 2.14156646e-01 6.34963606e-01
0.00000000e+00 0.00000000e+00 0.00000000e+00 1.00000000e+00
-1.98371697e-01 6.21323159e-01 7.58027837e-01 -1.98548211e-01
9.66507666e-01 -4.47624312e-03 2.56598703e-01 -2.31831121e-01
1.62823834e-01 7.83541636e-01 -5.99625636e-01 5.47579686e-01
0.00000000e+00 0.00000000e+00 0.00000000e+00 1.00000000e+00
9.99909661e-01 -2.35364831e-06 1.34413225e-02 -3.71091448e-01
5.36497354e-09 9.99999985e-01 1.74706304e-04 -3.86278095e-10
-1.34413227e-02 -1.74690449e-04 9.99909646e-01 6.35037837e-01
0.00000000e+00 0.00000000e+00 0.00000000e+00 1.00000000e+00
2.02339735e-01 7.65321934e-01 -6.11016341e-01 1.22978493e-01
-1.06808749e-01 6.37445957e-01 7.63056055e-01 3.47753103e-01
9.73473432e-01 -8.91346690e-02 2.10723724e-01 6.44406748e-01
0.00000000e+00 0.00000000e+00 0.00000000e+00 1.00000000e+00
-1.47540592e-01 5.83431562e-01 7.98648475e-01 -2.30687969e-01
9.74122557e-01 -5.40710103e-02 2.19457444e-01 -1.94425650e-01
1.71222129e-01 8.10360376e-01 -5.60356176e-01 4.82883409e-01
0.00000000e+00 0.00000000e+00 0.00000000e+00 1.00000000e+00
9.99909856e-01 -2.40637279e-06 1.34268643e-02 -3.71091263e-01
6.37741594e-09 9.99999984e-01 1.78745823e-04 -4.59173948e-10
-1.34268645e-02 -1.78729624e-04 9.99909840e-01 6.35036969e-01
0.00000000e+00 0.00000000e+00 0.00000000e+00 1.00000000e+00
1.90516998e-01 7.73884006e-01 -6.03992400e-01 1.30516770e-01
-1.15063106e-01 6.28624330e-01 7.69150137e-01 3.39730285e-01
9.74917307e-01 -7.70389338e-02 2.08809117e-01 6.46040565e-01
0.00000000e+00 0.00000000e+00 0.00000000e+00 1.00000000e+00
-1.28223410e-01 5.74646588e-01 8.08294536e-01 -2.40308684e-01
9.77378663e-01 -6.50038685e-02 2.01259651e-01 -1.83795923e-01
1.68195443e-01 8.15816031e-01 -5.53312296e-01 4.68175617e-01
0.00000000e+00 0.00000000e+00 0.00000000e+00 1.00000000e+00
9.99909835e-01 -2.49453116e-06 1.34283933e-02 -3.71090735e-01
6.63231837e-09 9.99999983e-01 1.85271562e-04 -4.77526923e-10
-1.34283935e-02 -1.85254768e-04 9.99909818e-01 6.35037537e-01
0.00000000e+00 0.00000000e+00 0.00000000e+00 1.00000000e+00
1.89398008e-01 7.70862089e-01 -6.08194076e-01 1.29514389e-01
-1.21104939e-01 6.33014928e-01 7.64608197e-01 3.37422483e-01
9.74403401e-01 -7.11599627e-02 2.13246973e-01 6.48654969e-01
0.00000000e+00 0.00000000e+00 0.00000000e+00 1.00000000e+00
-1.28220715e-01 5.74646821e-01 8.08294797e-01 -2.40360990e-01
9.77406976e-01 -6.48696655e-02 2.01165428e-01 -1.83829441e-01
1.68032887e-01 8.15826549e-01 -5.53346177e-01 4.68289504e-01
0.00000000e+00 0.00000000e+00 0.00000000e+00 1.00000000e+00
9.99909810e-01 -2.53628293e-06 1.34302463e-02 -3.71090096e-01
6.92235071e-09 9.99999982e-01 1.88333192e-04 -4.98409251e-10
-1.34302466e-02 -1.88316113e-04 9.99909792e-01 6.35038225e-01
0.00000000e+00 0.00000000e+00 0.00000000e+00 1.00000000e+00
1.76516629e-01 6.73828087e-01 -7.17493964e-01 1.03609031e-01
-2.79520073e-01 7.33245743e-01 6.19854184e-01 2.71585970e-01
9.43774554e-01 9.11393940e-02 3.17778542e-01 7.09989938e-01
0.00000000e+00 0.00000000e+00 0.00000000e+00 1.00000000e+00
3.07436570e-02 6.92431963e-01 7.20827861e-01 -2.32262704e-01
9.63882271e-01 -2.11412616e-01 1.61974298e-01 -1.45088070e-01
2.64548285e-01 6.89813513e-01 -6.73922490e-01 4.83240264e-01
0.00000000e+00 0.00000000e+00 0.00000000e+00 1.00000000e+00
9.99909682e-01 -2.46021730e-06 1.34397529e-02 -3.71086815e-01
6.37741594e-09 9.99999983e-01 1.82580769e-04 -4.59173948e-10
-1.34397531e-02 -1.82564193e-04 9.99909666e-01 6.35041753e-01
0.00000000e+00 0.00000000e+00 0.00000000e+00 1.00000000e+00
1.72423744e-01 5.44479758e-01 -8.20860430e-01 7.55874089e-02
-4.34583463e-01 7.89900940e-01 4.32658893e-01 1.88847447e-01
8.83972435e-01 2.82131703e-01 3.72819576e-01 7.60695926e-01
0.00000000e+00 0.00000000e+00 0.00000000e+00 1.00000000e+00
2.10052087e-01 7.69380085e-01 6.03268104e-01 -2.15079126e-01
9.23030760e-01 -3.59479191e-01 1.37072709e-01 -1.00032069e-01
3.22323342e-01 5.28042608e-01 -7.85670839e-01 5.16150762e-01
0.00000000e+00 0.00000000e+00 0.00000000e+00 1.00000000e+00
9.99909429e-01 -2.41204182e-06 1.34585799e-02 -3.71081343e-01
6.37741594e-09 9.99999984e-01 1.78745823e-04 -4.59173948e-10
-1.34585801e-02 -1.78729548e-04 9.99909413e-01 6.35048747e-01
0.00000000e+00 0.00000000e+00 0.00000000e+00 1.00000000e+00
2.56712868e-01 -5.18100606e-01 -8.15886184e-01 -2.65508919e-02
-9.49850067e-01 2.07161316e-02 -3.12018735e-01 -4.13829140e-01
1.78559101e-01 8.55068772e-01 -4.86799798e-01 6.22951414e-01
0.00000000e+00 0.00000000e+00 0.00000000e+00 1.00000000e+00
8.63575763e-01 1.15858251e-01 -4.90727794e-01 3.01327467e-01
2.58145641e-01 -9.37609065e-01 2.32916444e-01 2.80194834e-01
-4.33125536e-01 -3.27820237e-01 -8.39604766e-01 7.56570037e-01
0.00000000e+00 0.00000000e+00 0.00000000e+00 1.00000000e+00
9.99907443e-01 -1.44511753e-06 1.36053406e-02 -3.71042665e-01
4.56096475e-09 9.99999994e-01 1.05881728e-04 -3.28389462e-10
-1.36053407e-02 -1.05871866e-04 9.99907437e-01 6.35103296e-01
0.00000000e+00 0.00000000e+00 0.00000000e+00 1.00000000e+00
3.57657302e-01 1.14599262e-01 -9.26794618e-01 -8.63565821e-03
-7.75493784e-01 -5.16473403e-01 -3.63131678e-01 -5.14614332e-01
-5.20279392e-01 8.48600161e-01 -9.58494683e-02 3.71711336e-01
0.00000000e+00 0.00000000e+00 0.00000000e+00 1.00000000e+00
8.84365882e-01 -4.43987421e-01 1.44125488e-01 -4.03103432e-02
-4.65455250e-01 -8.15373476e-01 3.44263715e-01 3.91052072e-01
-3.53326587e-02 -3.71539050e-01 -9.27744759e-01 8.58147281e-01
0.00000000e+00 0.00000000e+00 0.00000000e+00 1.00000000e+00
9.99907107e-01 -6.06124874e-07 1.36300065e-02 -3.71044959e-01
-7.17151024e-10 9.99999999e-01 4.45224996e-05 5.16348738e-11
-1.36300065e-02 -4.45183735e-05 9.99907106e-01 6.35080215e-01
0.00000000e+00 0.00000000e+00 0.00000000e+00 1.00000000e+00
3.57657277e-01 1.14594873e-01 -9.26795170e-01 -8.63566446e-03
-7.75494112e-01 -5.16474602e-01 -3.63129270e-01 -5.14614416e-01
-5.20278919e-01 8.48600024e-01 -9.58532506e-02 3.71711558e-01
0.00000000e+00 0.00000000e+00 0.00000000e+00 1.00000000e+00
8.84371354e-01 -4.44248214e-01 1.43285841e-01 -4.02625994e-02
-4.65368292e-01 -8.15232959e-01 3.44713759e-01 3.90806601e-01
-3.63271320e-02 -3.71535661e-01 -9.27707708e-01 8.57481850e-01
0.00000000e+00 0.00000000e+00 0.00000000e+00 1.00000000e+00
9.99907107e-01 -5.13000953e-07 1.36300065e-02 -3.71044959e-01
-6.32205123e-10 9.99999999e-01 3.76839952e-05 4.55187688e-11
-1.36300065e-02 -3.76805033e-05 9.99907106e-01 6.35080215e-01
0.00000000e+00 0.00000000e+00 0.00000000e+00 1.00000000e+00
3.99662752e-01 2.15547845e-02 -9.16408793e-01 -8.22906225e-02
-8.65057585e-03 9.99767668e-01 1.97427870e-02 1.78462243e-03
9.16621433e-01 3.70071784e-05 3.99756359e-01 9.16155840e-01
0.00000000e+00 0.00000000e+00 0.00000000e+00 1.00000000e+00
-7.36774360e-02 9.94843254e-01 6.97031883e-02 -8.75566761e-02
9.23002571e-01 4.15542488e-02 3.82543459e-01 -1.04881570e-01
3.77674316e-01 9.25210433e-02 -9.21304492e-01 7.63523113e-01
0.00000000e+00 0.00000000e+00 0.00000000e+00 1.00000000e+00
9.99908240e-01 -1.09890662e-07 1.35466281e-02 -3.71072976e-01
-1.60649504e-09 1.00000000e+00 8.23060974e-06 1.15667643e-10
-1.35466281e-02 -8.22987626e-06 9.99908240e-01 6.35061781e-01
0.00000000e+00 0.00000000e+00 0.00000000e+00 1.00000000e+00
3.95429623e-01 2.13829322e-02 -9.18247343e-01 -7.69801776e-02
-8.49119207e-03 9.99771358e-01 1.96247497e-02 1.65649352e-03
9.18457028e-01 3.68071832e-05 3.95520778e-01 9.18336656e-01
0.00000000e+00 0.00000000e+00 0.00000000e+00 1.00000000e+00
-7.42061240e-02 9.94463389e-01 7.44044302e-02 -8.73894914e-02
9.26370004e-01 4.11156571e-02 3.74363619e-01 -1.01509822e-01
3.69231726e-01 9.67061054e-02 -9.24292087e-01 7.61223044e-01
0.00000000e+00 0.00000000e+00 0.00000000e+00 1.00000000e+00
9.99908286e-01 -1.31602035e-07 1.35432505e-02 -3.71072824e-01
-1.85440054e-09 1.00000000e+00 9.85407943e-06 1.33516839e-10
-1.35432505e-02 -9.85320079e-06 9.99908286e-01 6.35062177e-01
0.00000000e+00 0.00000000e+00 0.00000000e+00 1.00000000e+00
3.58629781e-01 1.92163920e-02 -9.33282064e-01 -3.07104698e-02
-6.92790328e-03 9.99815347e-01 1.79241537e-02 5.94723578e-04
9.33454168e-01 3.75525284e-05 3.58696689e-01 9.32330596e-01
0.00000000e+00 0.00000000e+00 0.00000000e+00 1.00000000e+00
-7.42185637e-02 9.94662866e-01 7.16755682e-02 -8.51988571e-02
9.39150502e-01 4.55418249e-02 3.40473607e-01 -3.83748381e-02
3.35392218e-01 9.25836079e-02 -9.37518179e-01 7.27449316e-01
0.00000000e+00 0.00000000e+00 0.00000000e+00 1.00000000e+00
9.99908180e-01 -1.06830726e-07 1.35510959e-02 -3.71071141e-01
-2.04797306e-09 1.00000000e+00 8.03466467e-06 1.47454060e-10
-1.35510959e-02 -8.03395468e-06 9.99908180e-01 6.35065096e-01
0.00000000e+00 0.00000000e+00 0.00000000e+00 1.00000000e+00
3.01029053e-01 1.60108716e-02 -9.53480551e-01 4.28315780e-02
-4.85495494e-03 9.99871817e-01 1.52570881e-02 -6.90788885e-04
9.53602611e-01 3.62783205e-05 3.01068198e-01 9.37834857e-01
0.00000000e+00 0.00000000e+00 0.00000000e+00 1.00000000e+00
-7.30312207e-02 9.94967486e-01 6.86013284e-02 -8.17018556e-02
9.58304250e-01 5.09539084e-02 2.81170168e-01 3.41558337e-02
2.76259670e-01 8.62751452e-02 -9.57202797e-01 6.65169342e-01
0.00000000e+00 0.00000000e+00 0.00000000e+00 1.00000000e+00
9.99907905e-01 -5.57049337e-08 1.35713343e-02 -3.71067489e-01
-2.04797306e-09 1.00000000e+00 4.25549300e-06 1.47454060e-10
-1.35713343e-02 -4.25512889e-06 9.99907905e-01 6.35072631e-01
0.00000000e+00 0.00000000e+00 0.00000000e+00 1.00000000e+00
1.91217790e-01 1.00593566e-02 -9.81496086e-01 1.71685427e-01
-1.95180479e-03 9.99949403e-01 9.86822873e-03 -1.74677376e-03
9.81545693e-01 2.87078696e-05 1.91227749e-01 8.96882672e-01
0.00000000e+00 0.00000000e+00 0.00000000e+00 1.00000000e+00
-7.06937187e-02 9.95615860e-01 6.12491368e-02 -7.40654497e-02
9.87253295e-01 6.10579499e-02 1.46979106e-01 1.04069608e-01
1.42594983e-01 7.08589117e-02 -9.87241453e-01 5.20637521e-01
0.00000000e+00 0.00000000e+00 0.00000000e+00 1.00000000e+00
9.99907173e-01 1.28367768e-07 1.36251919e-02 -3.71058035e-01
-3.46812723e-09 1.00000000e+00 -9.16684067e-06 2.49705161e-10
-1.36251919e-02 9.16594249e-06 9.99907173e-01 6.35096651e-01
0.00000000e+00 0.00000000e+00 0.00000000e+00 1.00000000e+00
8.41834283e-02 4.37942429e-03 -9.96440651e-01 2.63293234e-01
-3.70513855e-04 9.99990410e-01 4.36372318e-03 -1.18214236e-03
9.96450206e-01 1.84188960e-06 8.41842436e-02 8.04139864e-01
0.00000000e+00 0.00000000e+00 0.00000000e+00 1.00000000e+00
-6.81083863e-02 9.96406287e-01 5.03563206e-02 -6.68333743e-02
9.97128728e-01 6.63096170e-02 3.65695772e-02 8.33909032e-02
3.30990483e-02 5.27024288e-02 -9.98061575e-01 4.01335496e-01
0.00000000e+00 0.00000000e+00 0.00000000e+00 1.00000000e+00
9.99906795e-01 1.04154668e-07 1.36528904e-02 -3.71048882e-01
-5.81151942e-09 1.00000000e+00 -7.20314070e-06 4.18429398e-10
-1.36528904e-02 7.20238999e-06 9.99906795e-01 6.35115450e-01
0.00000000e+00 0.00000000e+00 0.00000000e+00 1.00000000e+00
3.43172105e-02 1.76654980e-03 -9.99409430e-01 2.89587091e-01
-4.26686205e-05 9.99998439e-01 1.76612580e-03 -5.39781931e-04
9.99410990e-01 -1.79650891e-05 3.43172323e-02 7.48427005e-01
0.00000000e+00 0.00000000e+00 0.00000000e+00 1.00000000e+00
-6.54886643e-02 9.96941938e-01 4.26380970e-02 -6.38084114e-02
9.97201058e-01 6.69308062e-02 -3.33214302e-02 4.90569503e-02
-3.60733334e-02 4.03365794e-02 -9.98534764e-01 3.67123847e-01
0.00000000e+00 0.00000000e+00 0.00000000e+00 1.00000000e+00
9.99906504e-01 3.16714151e-07 1.36741957e-02 -3.71042328e-01
-7.82614332e-09 1.00000000e+00 -2.25891705e-05 5.63482319e-10
-1.36741957e-02 2.25869515e-05 9.99906504e-01 6.35127867e-01
0.00000000e+00 0.00000000e+00 0.00000000e+00 1.00000000e+00
-2.56788244e-03 -1.79085264e-04 -9.99996687e-01 3.01352788e-01
3.31840782e-05 9.99999983e-01 -1.79171067e-04 2.61455770e-05
9.99996702e-01 -3.36440585e-05 -2.56787646e-03 7.03945773e-01
0.00000000e+00 0.00000000e+00 0.00000000e+00 1.00000000e+00
-6.64668209e-02 9.96993213e-01 3.98333515e-02 -6.17071261e-02
9.95771514e-01 6.88167481e-02 -6.08551334e-02 1.72768405e-02
-6.34133567e-02 3.56200695e-02 -9.97351471e-01 3.52614914e-01
0.00000000e+00 0.00000000e+00 0.00000000e+00 1.00000000e+00
9.99906500e-01 2.13691528e-07 1.36744606e-02 -3.71040253e-01
-8.96326389e-09 1.00000000e+00 -1.49716400e-05 6.45355000e-10
-1.36744607e-02 1.49701176e-05 9.99906500e-01 6.35131935e-01
0.00000000e+00 0.00000000e+00 0.00000000e+00 1.00000000e+00
-2.54496652e-03 -1.76082318e-04 -9.99996746e-01 3.01350300e-01
3.31935066e-05 9.99999984e-01 -1.76167365e-04 2.52412039e-05
9.99996761e-01 -3.36417386e-05 -2.54496064e-03 7.03968687e-01
0.00000000e+00 0.00000000e+00 0.00000000e+00 1.00000000e+00
-6.70302802e-02 9.96816381e-01 4.31745827e-02 -6.16563739e-02
9.95494909e-01 6.97243591e-02 -6.42526332e-02 1.71366103e-02
-6.70583974e-02 3.86732052e-02 -9.96999275e-01 3.52341444e-01
0.00000000e+00 0.00000000e+00 0.00000000e+00 1.00000000e+00
9.99906316e-01 3.18161050e-07 1.36879142e-02 -3.71038172e-01
-8.96326389e-09 1.00000000e+00 -2.25891704e-05 6.45355000e-10
-1.36879142e-02 2.25869314e-05 9.99906316e-01 6.35136946e-01
0.00000000e+00 0.00000000e+00 0.00000000e+00 1.00000000e+00
-2.49515626e-03 -1.82014278e-04 -9.99996871e-01 3.01354296e-01
1.78813194e-05 9.99999983e-01 -1.82059462e-04 2.12717301e-05
9.99996887e-01 -1.83355303e-05 -2.49515297e-03 7.03964719e-01
0.00000000e+00 0.00000000e+00 0.00000000e+00 1.00000000e+00
-6.69696197e-02 9.96833602e-01 4.28700332e-02 -6.16587244e-02
9.95510298e-01 6.96377567e-02 -6.41079442e-02 1.71776164e-02
-6.68903259e-02 3.83842749e-02 -9.97021731e-01 3.52337815e-01
0.00000000e+00 0.00000000e+00 0.00000000e+00 1.00000000e+00
9.99906640e-01 1.33411073e-07 1.36642329e-02 -3.71043430e-01
-8.15419084e-09 1.00000000e+00 -9.16682582e-06 5.87101741e-10
-1.36642329e-02 9.16585858e-06 9.99906640e-01 6.35125303e-01
0.00000000e+00 0.00000000e+00 0.00000000e+00 1.00000000e+00
-2.49940386e-03 -1.82912670e-04 -9.99996860e-01 3.01353833e-01
2.00877584e-05 9.99999983e-01 -1.82963449e-04 2.17058296e-05
9.99996876e-01 -2.05449949e-05 -2.49940014e-03 7.03965378e-01
0.00000000e+00 0.00000000e+00 0.00000000e+00 1.00000000e+00
-6.67553814e-02 9.96849867e-01 4.28259534e-02 -6.16764471e-02
9.95495993e-01 6.94376802e-02 -6.45456157e-02 1.71936276e-02
-6.73160233e-02 3.83242978e-02 -9.96995387e-01 3.52372854e-01
0.00000000e+00 0.00000000e+00 0.00000000e+00 1.00000000e+00
9.99906536e-01 1.85911497e-07 1.36718262e-02 -3.71042860e-01
-8.15419084e-09 1.00000000e+00 -1.30017793e-05 5.87101741e-10
-1.36718262e-02 1.30004527e-05 9.99906536e-01 6.35128135e-01
0.00000000e+00 0.00000000e+00 0.00000000e+00 1.00000000e+00
-2.50242160e-03 -1.64089044e-04 -9.99996855e-01 3.01353026e-01
2.17326044e-05 9.99999986e-01 -1.64143942e-04 1.95193675e-05
9.99996869e-01 -2.21432934e-05 -2.50241800e-03 7.03966280e-01
0.00000000e+00 0.00000000e+00 0.00000000e+00 1.00000000e+00
-6.69639848e-02 9.96852878e-01 4.24283326e-02 -6.20748636e-02
9.97491828e-01 6.78630904e-02 -2.01160261e-02 -2.39895162e-02
-2.29320363e-02 4.09748657e-02 -9.98896983e-01 3.63569607e-01
0.00000000e+00 0.00000000e+00 0.00000000e+00 1.00000000e+00
9.99975215e-01 -1.50890137e-04 7.03891161e-03 -3.55403677e-01
1.44395402e-04 9.99999563e-01 9.23189405e-04 -1.03964689e-05
-7.03904784e-03 -9.22150138e-04 9.99974800e-01 6.82094560e-01
0.00000000e+00 0.00000000e+00 0.00000000e+00 1.00000000e+00
-2.50845300e-03 -1.29079808e-04 -9.99996845e-01 3.01351099e-01
1.10553947e-05 9.99999992e-01 -1.29107946e-04 1.18352228e-05
9.99996854e-01 -1.13792210e-05 -2.50845155e-03 7.03968726e-01
0.00000000e+00 0.00000000e+00 0.00000000e+00 1.00000000e+00
-6.65282438e-02 9.96737590e-01 4.56964924e-02 -6.29394608e-02
9.97485006e-01 6.53163775e-02 2.75215185e-02 -7.20995630e-02
2.44470027e-02 4.74125243e-02 -9.98576185e-01 3.83946708e-01
0.00000000e+00 0.00000000e+00 0.00000000e+00 1.00000000e+00
9.99999444e-01 -8.07469177e-04 -6.77791212e-04 -3.26858147e-01
8.08933514e-04 9.99997334e-01 2.16296880e-03 -5.82432130e-05
6.76042874e-04 -2.16351589e-03 9.99997431e-01 7.34225958e-01
0.00000000e+00 0.00000000e+00 0.00000000e+00 1.00000000e+00
-2.53893770e-03 -4.18268458e-05 -9.99996776e-01 3.01344828e-01
5.01643523e-06 9.99999999e-01 -4.18397171e-05 -2.71867925e-07
9.99996777e-01 -5.12264749e-06 -2.53893748e-03 7.03976835e-01
0.00000000e+00 0.00000000e+00 0.00000000e+00 1.00000000e+00
-6.67723083e-02 9.96455128e-01 5.11726159e-02 -6.60664128e-02
9.90759189e-01 6.01476006e-02 1.21566835e-01 -1.65382742e-01
1.18057986e-01 5.88170376e-02 -9.91263269e-01 4.64205944e-01
0.00000000e+00 0.00000000e+00 0.00000000e+00 1.00000000e+00
9.99813795e-01 -3.87116392e-03 -1.89047524e-02 -2.25475343e-01
3.94001175e-03 9.99985737e-01 3.60593952e-03 -2.83680846e-04
1.88905235e-02 -3.67975302e-03 9.99814787e-01 8.27426802e-01
0.00000000e+00 0.00000000e+00 0.00000000e+00 1.00000000e+00
-2.58652385e-03 7.83632149e-05 -9.99996652e-01 3.01332414e-01
-2.97566173e-05 9.99999996e-01 7.84404435e-05 -1.76706003e-05
9.99996654e-01 2.99594058e-05 -2.58652151e-03 7.03991174e-01
0.00000000e+00 0.00000000e+00 0.00000000e+00 1.00000000e+00
-6.84351592e-02 9.93311571e-01 9.29986645e-02 -7.07746808e-02
9.83110497e-01 5.12842730e-02 1.75680604e-01 -2.15952228e-01
1.69736208e-01 1.03450693e-01 -9.80044679e-01 5.86944790e-01
0.00000000e+00 0.00000000e+00 0.00000000e+00 1.00000000e+00
9.99285520e-01 -7.82780497e-03 -3.69753208e-02 -9.59052470e-02
7.91725207e-03 9.99966074e-01 2.27329871e-03 -5.70042149e-04
3.69562714e-02 -2.56441742e-03 9.99313593e-01 8.66385809e-01
0.00000000e+00 0.00000000e+00 0.00000000e+00 1.00000000e+00
-2.62038487e-03 1.45225116e-04 -9.99996556e-01 3.01325928e-01
-6.02086497e-05 9.99999988e-01 1.45383384e-04 -2.70955179e-05
9.99996565e-01 6.05894028e-05 -2.62037610e-03 7.03999159e-01
0.00000000e+00 0.00000000e+00 0.00000000e+00 1.00000000e+00
-6.94884702e-02 9.91320327e-01 1.11603588e-01 -7.32084371e-02
9.83520728e-01 4.93609515e-02 1.73926632e-01 -2.18071270e-01
1.66908147e-01 1.21850338e-01 -9.78414108e-01 6.51432465e-01
0.00000000e+00 0.00000000e+00 0.00000000e+00 1.00000000e+00
9.98973046e-01 -9.33298991e-03 -4.43367610e-02 -4.02047710e-02
9.38003623e-03 9.99955643e-01 8.53184726e-04 -6.75362609e-04
4.43268315e-02 -1.26818897e-03 9.99016278e-01 8.65207885e-01
0.00000000e+00 0.00000000e+00 0.00000000e+00 1.00000000e+00
-2.62363834e-03 1.87572996e-04 -9.99996541e-01 3.01323860e-01
-7.18299884e-05 9.99999980e-01 1.87762097e-04 -3.32082391e-05
9.99996556e-01 7.23223598e-05 -2.62362482e-03 7.04002356e-01
0.00000000e+00 0.00000000e+00 0.00000000e+00 1.00000000e+00
-7.14275189e-02 9.89602073e-01 1.24843290e-01 -7.51196971e-02
9.85416186e-01 5.06309419e-02 1.62454451e-01 -2.09965094e-01
1.54444328e-01 1.34626317e-01 -9.78786342e-01 7.03867797e-01
0.00000000e+00 0.00000000e+00 0.00000000e+00 1.00000000e+00
9.98664463e-01 -1.04240652e-02 -5.06026660e-02 5.42164832e-03
1.04025578e-02 9.99945655e-01 -6.88380697e-04 -7.48984165e-04
5.06070917e-02 1.61064179e-04 9.98718627e-01 8.56564653e-01
0.00000000e+00 0.00000000e+00 0.00000000e+00 1.00000000e+00
-2.62981355e-03 1.92958946e-04 -9.99996523e-01 3.01322329e-01
-8.33299816e-05 9.99999978e-01 1.93178756e-04 -3.45177489e-05
9.99996539e-01 8.38377160e-05 -2.62979741e-03 7.04004217e-01
0.00000000e+00 0.00000000e+00 0.00000000e+00 1.00000000e+00
-7.16834450e-02 9.90128298e-01 1.20446820e-01 -7.52233363e-02
9.85912290e-01 5.20409382e-02 1.58961306e-01 -2.09847460e-01
1.51123922e-01 1.30144894e-01 -9.79910132e-01 7.06458552e-01
0.00000000e+00 0.00000000e+00 0.00000000e+00 1.00000000e+00
9.98669042e-01 -1.04040011e-02 -5.05163403e-02 5.41357149e-03
1.03828090e-02 9.99945865e-01 -6.81916819e-04 -7.47562247e-04
5.05207003e-02 1.56507705e-04 9.98723002e-01 8.56576340e-01
0.00000000e+00 0.00000000e+00 0.00000000e+00 1.00000000e+00
-2.62902837e-03 1.87572935e-04 -9.99996527e-01 3.01323189e-01
-7.18294885e-05 9.99999980e-01 1.87762425e-04 -3.32081768e-05
9.99996542e-01 7.23228718e-05 -2.62901484e-03 7.04002605e-01
0.00000000e+00 0.00000000e+00 0.00000000e+00 1.00000000e+00
-7.15243851e-02 9.90460656e-01 1.17779249e-01 -7.52447079e-02
9.86162532e-01 5.25155911e-02 1.57243675e-01 -2.09904862e-01
1.49558427e-01 1.27396239e-01 -9.80511334e-01 7.06907160e-01
0.00000000e+00 0.00000000e+00 0.00000000e+00 1.00000000e+00
9.98669284e-01 -1.03907954e-02 -5.05142751e-02 5.41125718e-03
1.03694282e-02 9.99946001e-01 -6.85050480e-04 -7.46598832e-04
5.05186656e-02 1.60334722e-04 9.98723104e-01 8.56576742e-01
0.00000000e+00 0.00000000e+00 0.00000000e+00 1.00000000e+00
-2.62614683e-03 1.87572995e-04 -9.99996534e-01 3.01323679e-01
-7.18297559e-05 9.99999980e-01 1.87762277e-04 -3.32082224e-05
9.99996549e-01 7.23225982e-05 -2.62613330e-03 7.04002356e-01
0.00000000e+00 0.00000000e+00 0.00000000e+00 1.00000000e+00
-7.14715025e-02 9.90140019e-01 1.20476417e-01 -7.52278227e-02
9.86260507e-01 5.21174019e-02 1.56760927e-01 -2.09806535e-01
1.48936350e-01 1.30025072e-01 -9.80260906e-01 7.06406086e-01
0.00000000e+00 0.00000000e+00 0.00000000e+00 1.00000000e+00
9.98669271e-01 -1.03941446e-02 -5.05138479e-02 5.41023149e-03
1.03727807e-02 9.99945967e-01 -6.85073444e-04 -7.46840208e-04
5.05182392e-02 1.60192732e-04 9.98723126e-01 8.56576912e-01
0.00000000e+00 0.00000000e+00 0.00000000e+00 1.00000000e+00
-2.62363812e-03 1.72898797e-04 -9.99996543e-01 3.01323860e-01
-7.18383037e-05 9.99999982e-01 1.73087870e-04 -3.22532321e-05
9.99996556e-01 7.22921753e-05 -2.62362565e-03 7.04002356e-01
0.00000000e+00 0.00000000e+00 0.00000000e+00 1.00000000e+00
-7.00574515e-02 9.92555765e-01 9.96243330e-02 -7.55547052e-02
9.87964598e-01 5.52313767e-02 1.44483383e-01 -2.16703141e-01
1.37905425e-01 1.08547452e-01 -9.84479327e-01 7.12833246e-01
0.00000000e+00 0.00000000e+00 0.00000000e+00 1.00000000e+00
9.99789494e-01 -1.10155746e-02 -1.73096693e-02 7.79940634e-03
1.10242638e-02 9.99939148e-01 4.06645260e-04 -7.93746997e-04
1.73041366e-02 -5.97386021e-04 9.99850094e-01 8.62604423e-01
0.00000000e+00 0.00000000e+00 0.00000000e+00 1.00000000e+00
-2.62924560e-03 1.72898795e-04 -9.99996529e-01 3.01323456e-01
-7.18378017e-05 9.99999982e-01 1.73088273e-04 -3.22531959e-05
9.99996541e-01 7.22926439e-05 -2.62923313e-03 7.04002355e-01
0.00000000e+00 0.00000000e+00 0.00000000e+00 1.00000000e+00
-6.72212528e-02 9.94407496e-01 8.14557202e-02 -7.59095455e-02
9.92418366e-01 5.82203297e-02 1.08241307e-01 -2.21780965e-01
1.02893588e-01 8.81142690e-02 -9.90781906e-01 7.20339041e-01
0.00000000e+00 0.00000000e+00 0.00000000e+00 1.00000000e+00
9.99666774e-01 -1.15995680e-02 2.30605795e-02 1.01917328e-02
1.15591383e-02 9.99931413e-01 1.88572610e-03 -8.32257957e-04
-2.30808714e-02 -1.61853730e-03 9.99732291e-01 8.65121063e-01
0.00000000e+00 0.00000000e+00 0.00000000e+00 1.00000000e+00
-2.63507234e-03 1.65767535e-04 -9.99996514e-01 3.01322900e-01
-7.18560705e-05 9.99999984e-01 1.65957457e-04 -3.01043756e-05
9.99996526e-01 7.22931299e-05 -2.63506039e-03 7.04002927e-01
0.00000000e+00 0.00000000e+00 0.00000000e+00 1.00000000e+00
-6.01621418e-02 9.96008797e-01 6.59317358e-02 -7.64515999e-02
9.98188415e-01 6.00728079e-02 3.33842058e-03 -2.15354657e-01
-6.35608238e-04 6.60131414e-02 -9.97818551e-01 7.33995891e-01
0.00000000e+00 0.00000000e+00 0.00000000e+00 1.00000000e+00
9.93005269e-01 -1.26950985e-02 1.17385566e-01 1.27927938e-02
1.20838977e-02 9.99909480e-01 5.91704083e-03 -8.70040637e-04
-1.17450057e-01 -4.45717755e-03 9.93068788e-01 8.50472973e-01
0.00000000e+00 0.00000000e+00 0.00000000e+00 1.00000000e+00
-2.64740997e-03 1.47590979e-04 -9.99996485e-01 3.01321526e-01
-7.18676389e-05 9.99999986e-01 1.47781760e-04 -2.86717616e-05
9.99996493e-01 7.22586252e-05 -2.64739932e-03 7.04003805e-01
0.00000000e+00 0.00000000e+00 0.00000000e+00 1.00000000e+00
-4.87659622e-02 9.97084331e-01 5.86917108e-02 -7.73351588e-02
9.87284019e-01 5.70212255e-02 -1.48387483e-01 -1.62918128e-01
-1.51301508e-01 5.07091298e-02 -9.87186121e-01 7.43988953e-01
0.00000000e+00 0.00000000e+00 0.00000000e+00 1.00000000e+00
9.69617653e-01 -1.29914607e-02 2.44280227e-01 7.49778838e-03
1.03860116e-02 9.99874645e-01 1.19509138e-02 -7.47792834e-04
-2.44404866e-01 -9.05071975e-03 9.69631036e-01 7.86509964e-01
0.00000000e+00 0.00000000e+00 0.00000000e+00 1.00000000e+00
-2.66627741e-03 1.18780941e-04 -9.99996438e-01 3.01319481e-01
-7.19020867e-05 9.99999990e-01 1.18973075e-04 -2.46128679e-05
9.99996443e-01 7.22190458e-05 -2.66626884e-03 7.04005537e-01
0.00000000e+00 0.00000000e+00 0.00000000e+00 1.00000000e+00
-3.61668982e-02 9.97488155e-01 6.09043211e-02 -7.81106754e-02
9.59198551e-01 5.17500049e-02 -2.77956971e-01 -5.72785198e-02
-2.80410585e-01 4.83664950e-02 -9.58660830e-01 7.37731285e-01
0.00000000e+00 0.00000000e+00 0.00000000e+00 1.00000000e+00
9.30273640e-01 -1.16208416e-02 3.66682303e-01 -1.02285263e-02
5.67769691e-03 9.99834530e-01 1.72822819e-02 -4.08794178e-04
-3.66822462e-01 -1.39953403e-02 9.30185687e-01 6.79403930e-01
0.00000000e+00 0.00000000e+00 0.00000000e+00 1.00000000e+00
-2.67971818e-03 9.79634470e-05 -9.99996405e-01 3.01318121e-01
-7.19232244e-05 9.99999993e-01 9.81565332e-05 -2.21388491e-05
9.99996407e-01 7.21859976e-05 -2.67971111e-03 7.04006783e-01
0.00000000e+00 0.00000000e+00 0.00000000e+00 1.00000000e+00
-3.35151339e-02 9.98488127e-01 4.35682921e-02 -7.80767429e-02
9.32942251e-01 4.68906890e-02 -3.56959409e-01 4.48520199e-02
-3.58462679e-01 2.86831581e-02 -9.33103308e-01 7.24235685e-01
0.00000000e+00 0.00000000e+00 0.00000000e+00 1.00000000e+00
8.91975927e-01 -9.49382008e-03 4.51983200e-01 -3.14057875e-02
5.58932033e-04 9.99801867e-01 1.98976093e-02 -4.02431064e-05
-4.52082551e-01 -1.74955606e-02 8.91804503e-01 5.80747331e-01
0.00000000e+00 0.00000000e+00 0.00000000e+00 1.00000000e+00
-2.69394549e-03 8.61743850e-05 -9.99996368e-01 3.01317368e-01
-6.61842192e-05 9.99999994e-01 8.63529949e-05 -2.01398537e-05
9.99996369e-01 6.64166090e-05 -2.69393977e-03 7.04006542e-01
0.00000000e+00 0.00000000e+00 0.00000000e+00 1.00000000e+00
-2.70522466e-02 9.97334152e-01 6.77699466e-02 -7.83368598e-02
9.25357105e-01 5.06291656e-02 -3.75700566e-01 9.91133015e-02
-3.78130141e-01 5.25478573e-02 -9.24259876e-01 7.09025647e-01
0.00000000e+00 0.00000000e+00 0.00000000e+00 1.00000000e+00
8.73278567e-01 -8.28488038e-03 4.87150802e-01 -4.24840735e-02
-1.96008592e-03 9.99787585e-01 2.05168944e-02 1.41126187e-04
-4.87217304e-01 -1.88718216e-02 8.73076831e-01 5.34814160e-01
0.00000000e+00 0.00000000e+00 0.00000000e+00 1.00000000e+00
-2.69417006e-03 7.65870266e-05 -9.99996368e-01 3.01317275e-01
-6.61842077e-05 9.99999995e-01 7.67656165e-05 -2.01398490e-05
9.99996369e-01 6.63907869e-05 -2.69416497e-03 7.04006609e-01
0.00000000e+00 0.00000000e+00 0.00000000e+00 1.00000000e+00
-2.43152692e-02 9.95448218e-01 9.21499527e-02 -7.82066786e-02
9.18840562e-01 5.85707349e-02 -3.90258237e-01 1.40563140e-01
-3.93879157e-01 7.51818802e-02 -9.16082363e-01 6.94244727e-01
0.00000000e+00 0.00000000e+00 0.00000000e+00 1.00000000e+00
8.56953638e-01 -7.19993640e-03 5.15343208e-01 -5.23336924e-02
-4.13250282e-03 9.99774286e-01 2.08398489e-02 2.97540203e-04
-5.15376934e-01 -1.99884416e-02 8.56730458e-01 4.96209164e-01
0.00000000e+00 0.00000000e+00 0.00000000e+00 1.00000000e+00
-2.69475155e-03 7.65870373e-05 -9.99996366e-01 3.01317289e-01
-6.61841783e-05 9.99999995e-01 7.67656658e-05 -2.01398497e-05
9.99996367e-01 6.63908022e-05 -2.69474647e-03 7.04006560e-01
0.00000000e+00 0.00000000e+00 0.00000000e+00 1.00000000e+00
-2.42408701e-02 9.96013000e-01 8.58515179e-02 -7.82869402e-02
9.16140444e-01 5.65039377e-02 -3.96855127e-01 1.42090004e-01
-4.00123815e-01 6.90319341e-02 -9.13857497e-01 6.95164486e-01
0.00000000e+00 0.00000000e+00 0.00000000e+00 1.00000000e+00
8.56994113e-01 -7.18676128e-03 5.15276081e-01 -5.23237991e-02
-4.12363970e-03 9.99775099e-01 2.08025955e-02 2.96902058e-04
-5.15309698e-01 -1.99525148e-02 8.56771739e-01 4.96239187e-01
0.00000000e+00 0.00000000e+00 0.00000000e+00 1.00000000e+00
-2.69685784e-03 7.50021518e-05 -9.99996361e-01 3.01316931e-01
-6.61883444e-05 9.99999995e-01 7.51809256e-05 -1.96623356e-05
9.99996361e-01 6.63908557e-05 -2.69685286e-03 7.04007419e-01
0.00000000e+00 0.00000000e+00 0.00000000e+00 1.00000000e+00
-2.43724217e-02 9.96007117e-01 8.58825264e-02 -7.82852294e-02
9.16787291e-01 5.65241621e-02 -3.95355640e-01 1.42058847e-01
-3.98631469e-01 6.91002343e-02 -9.14504297e-01 6.95069457e-01
0.00000000e+00 0.00000000e+00 0.00000000e+00 1.00000000e+00
8.57012872e-01 -7.18248583e-03 5.15244941e-01 -5.23229414e-02
-4.11999086e-03 9.99775383e-01 2.07896417e-02 2.96639342e-04
-5.15278529e-01 -1.99397950e-02 8.56790781e-01 4.96238880e-01
0.00000000e+00 0.00000000e+00 0.00000000e+00 1.00000000e+00
-2.68619386e-03 6.80835145e-05 -9.99996390e-01 3.01318271e-01
-6.12250714e-05 9.99999996e-01 6.82482230e-05 -1.61992914e-05
9.99996390e-01 6.14081783e-05 -2.68618968e-03 7.04004206e-01
0.00000000e+00 0.00000000e+00 0.00000000e+00 1.00000000e+00
-2.52119326e-02 9.98326870e-01 5.20367087e-02 -7.98154392e-02
8.93254588e-01 4.58684954e-02 -4.47205012e-01 8.56547983e-02
-4.48843625e-01 3.52071262e-02 -8.92916490e-01 7.54351972e-01
0.00000000e+00 0.00000000e+00 0.00000000e+00 1.00000000e+00
8.58343159e-01 -1.20339893e-02 5.12934893e-01 -5.55539995e-04
1.37941583e-03 9.99775416e-01 2.11474685e-02 -9.93179399e-05
-5.13074184e-01 -1.74442344e-02 8.58166988e-01 5.58691831e-01
0.00000000e+00 0.00000000e+00 0.00000000e+00 1.00000000e+00
-2.66447486e-03 5.81272757e-05 -9.99996449e-01 3.01319659e-01
-5.85792082e-05 9.99999997e-01 5.82835653e-05 -1.24252627e-05
9.99996449e-01 5.87342953e-05 -2.66447144e-03 7.04000465e-01
0.00000000e+00 0.00000000e+00 0.00000000e+00 1.00000000e+00
-2.72895316e-02 9.98449973e-01 4.85070313e-02 -8.21081092e-02
8.82142867e-01 4.68784150e-02 -4.68643123e-01 3.10563950e-02
-4.70190647e-01 3.00010804e-02 -8.82054812e-01 8.32284688e-01
0.00000000e+00 0.00000000e+00 0.00000000e+00 1.00000000e+00
8.60077037e-01 -1.69293114e-02 5.09883210e-01 8.35117415e-02
8.08684574e-03 9.99776099e-01 1.95539104e-02 -5.82252894e-04
-5.10100081e-01 -1.26945224e-02 8.60021370e-01 6.14806570e-01
0.00000000e+00 0.00000000e+00 0.00000000e+00 1.00000000e+00
-2.63187218e-03 3.23295480e-05 -9.99996536e-01 3.01322313e-01
-5.09644488e-05 9.99999998e-01 3.24637923e-05 -5.66844315e-06
9.99996535e-01 5.10497128e-05 -2.63187053e-03 7.03992917e-01
0.00000000e+00 0.00000000e+00 0.00000000e+00 1.00000000e+00
-3.51234180e-02 9.97985098e-01 5.28402275e-02 -8.70625103e-02
8.83676173e-01 5.57086309e-02 -4.64771955e-01 -8.52059699e-03
-4.66779142e-01 3.03692704e-02 -8.83852329e-01 9.83017269e-01
0.00000000e+00 0.00000000e+00 0.00000000e+00 1.00000000e+00
8.62702452e-01 -2.09104746e-02 5.05279361e-01 2.39460152e-01
1.66652149e-02 9.99777635e-01 1.29209770e-02 -1.19989548e-03
-5.05437188e-01 -2.72636943e-03 8.62859094e-01 6.41543820e-01
0.00000000e+00 0.00000000e+00 0.00000000e+00 1.00000000e+00
-2.58663745e-03 -1.76568895e-06 -9.99996655e-01 3.01325419e-01
-4.14410002e-05 9.99999999e-01 -1.65850165e-06 2.42606292e-06
9.99996654e-01 4.14365717e-05 -2.58663752e-03 7.03985493e-01
0.00000000e+00 0.00000000e+00 0.00000000e+00 1.00000000e+00
-4.19250360e-02 9.97199148e-01 6.19366730e-02 -9.24779066e-02
8.86523896e-01 6.57181030e-02 -4.57991827e-01 2.44405623e-02
-4.60779420e-01 3.57070168e-02 -8.86796107e-01 1.12469791e+00
0.00000000e+00 0.00000000e+00 0.00000000e+00 1.00000000e+00
8.65130822e-01 -1.98903280e-02 5.01151709e-01 3.72273283e-01
2.06031552e-02 9.99779270e-01 4.11355073e-03 -1.48342717e-03
-5.01122909e-01 6.76654691e-03 8.65349665e-01 5.97768858e-01
0.00000000e+00 0.00000000e+00 0.00000000e+00 1.00000000e+00
-2.56501785e-03 -1.54707063e-05 -9.99996710e-01 3.01326784e-01
-4.59766053e-05 9.99999999e-01 -1.53528260e-05 4.48850819e-06
9.99996709e-01 4.59370738e-05 -2.56501856e-03 7.03981818e-01
0.00000000e+00 0.00000000e+00 0.00000000e+00 1.00000000e+00
-4.87157573e-02 9.96668624e-01 6.54096963e-02 -9.48240459e-02
8.91269620e-01 7.29372529e-02 -4.47569683e-01 6.59160822e-02
-4.50849464e-01 3.64939791e-02 -8.91853660e-01 1.18666344e+00
0.00000000e+00 0.00000000e+00 0.00000000e+00 1.00000000e+00
8.66265048e-01 -1.80033186e-02 4.99260200e-01 4.23154583e-01
2.09643708e-02 9.99780171e-01 -3.23159547e-04 -1.50943470e-03
-4.99144630e-01 1.07466178e-02 8.66452046e-01 5.58687938e-01
0.00000000e+00 0.00000000e+00 0.00000000e+00 1.00000000e+00
-2.54681941e-03 -2.41564863e-05 -9.99996757e-01 3.01328718e-01
-4.14826599e-05 9.99999999e-01 -2.40509155e-05 7.44000706e-06
9.99996756e-01 4.14212720e-05 -2.54682041e-03 7.03979209e-01
0.00000000e+00 0.00000000e+00 0.00000000e+00 1.00000000e+00
-5.05096052e-02 9.96257373e-01 7.01429026e-02 -9.64942637e-02
8.96331331e-01 7.61961366e-02 -4.36788615e-01 1.03899517e-01
-4.40498496e-01 4.08092607e-02 -8.96825334e-01 1.22302551e+00
0.00000000e+00 0.00000000e+00 0.00000000e+00 1.00000000e+00
8.67243873e-01 -1.58884181e-02 4.97630007e-01 4.57882984e-01
2.05733762e-02 9.99780610e-01 -3.93304673e-03 -1.48128308e-03
-4.97458342e-01 1.36488400e-02 8.67380486e-01 5.19352564e-01
0.00000000e+00 0.00000000e+00 0.00000000e+00 1.00000000e+00
-2.54582441e-03 -3.38066726e-05 -9.99996759e-01 3.01328433e-01
-5.10699285e-05 9.99999998e-01 -3.36767666e-05 6.74971140e-06
9.99996758e-01 5.09840278e-05 -2.54582614e-03 7.03978910e-01
0.00000000e+00 0.00000000e+00 0.00000000e+00 1.00000000e+00
-5.16261617e-02 9.96506857e-01 6.56416321e-02 -9.67039308e-02
8.93175969e-01 7.54756969e-02 -4.43328443e-01 1.11861378e-01
-4.46734181e-01 3.57421825e-02 -8.93952498e-01 1.23058740e+00
0.00000000e+00 0.00000000e+00 0.00000000e+00 1.00000000e+00
8.67246813e-01 -1.57695984e-02 4.97628662e-01 4.59383538e-01
2.05357234e-02 9.99780687e-01 -4.10627615e-03 -1.47857208e-03
-4.97454772e-01 1.37803195e-02 8.67380455e-01 5.17305189e-01
0.00000000e+00 0.00000000e+00 0.00000000e+00 1.00000000e+00
-2.54686719e-03 -3.28914242e-05 -9.99996756e-01 3.01326994e-01
-4.23408505e-05 9.99999999e-01 -3.27836940e-05 7.37815785e-06
9.99996756e-01 4.22572174e-05 -2.54686858e-03 7.03980302e-01
0.00000000e+00 0.00000000e+00 0.00000000e+00 1.00000000e+00
-5.08151510e-02 9.96080444e-01 7.23986873e-02 -9.67585054e-02
8.96013240e-01 7.74884658e-02 -4.37213691e-01 1.11506467e-01
-4.41110071e-01 4.26531026e-02 -8.96438854e-01 1.22921590e+00
0.00000000e+00 0.00000000e+00 0.00000000e+00 1.00000000e+00
8.67231062e-01 -1.57699153e-02 4.97656101e-01 4.59380526e-01
2.05359507e-02 9.99780687e-01 -4.10515933e-03 -1.47858845e-03
-4.97482221e-01 1.37799628e-02 8.67364717e-01 5.17313926e-01
0.00000000e+00 0.00000000e+00 0.00000000e+00 1.00000000e+00
-2.54473500e-03 -2.41899375e-05 -9.99996762e-01 3.01328690e-01
-4.65970340e-05 9.99999999e-01 -2.40714383e-05 7.07176596e-06
9.99996761e-01 4.65356277e-05 -2.54473612e-03 7.03978581e-01
0.00000000e+00 0.00000000e+00 0.00000000e+00 1.00000000e+00
-5.13953285e-02 9.96496172e-01 6.59840782e-02 -9.66874912e-02
8.97985282e-01 7.50246597e-02 -4.33582441e-01 1.11779085e-01
-4.37013676e-01 3.69686191e-02 -8.98694814e-01 1.22995160e+00
0.00000000e+00 0.00000000e+00 0.00000000e+00 1.00000000e+00
8.67232487e-01 -1.57727280e-02 4.97653529e-01 4.59381263e-01
2.05396743e-02 9.99780607e-01 -4.10608014e-03 -1.47885655e-03
-4.97479583e-01 1.37825675e-02 8.67366188e-01 5.17312564e-01
0.00000000e+00 0.00000000e+00 0.00000000e+00 1.00000000e+00
-2.54604214e-03 -2.41564541e-05 -9.99996759e-01 3.01328559e-01
-4.14826330e-05 9.99999999e-01 -2.40509155e-05 7.44000156e-06
9.99996758e-01 4.14212639e-05 -2.54604314e-03 7.03978975e-01
0.00000000e+00 0.00000000e+00 0.00000000e+00 1.00000000e+00
-5.21126210e-02 9.96702343e-01 6.21989896e-02 -9.66992150e-02
8.96743668e-01 7.41135038e-02 -4.36300335e-01 1.11917943e-01
-4.39471351e-01 3.30397960e-02 -8.97648764e-01 1.23022213e+00
0.00000000e+00 0.00000000e+00 0.00000000e+00 1.00000000e+00
8.67235343e-01 -1.57693876e-02 4.97648657e-01 4.59381057e-01
2.05352913e-02 9.99780700e-01 -4.10530816e-03 -1.47854098e-03
-4.97474784e-01 1.37796285e-02 8.67368988e-01 5.17312219e-01
0.00000000e+00 0.00000000e+00 0.00000000e+00 1.00000000e+00
-2.54267076e-03 -1.86728780e-05 -9.99996767e-01 3.01328855e-01
-5.10557161e-05 9.99999999e-01 -1.85431200e-05 5.07843056e-06
9.99996766e-01 5.10084020e-05 -2.54267171e-03 7.03978743e-01
0.00000000e+00 0.00000000e+00 0.00000000e+00 1.00000000e+00
-4.39799625e-02 9.96733125e-01 6.77409843e-02 -1.04067243e-01
8.91690088e-01 6.97409134e-02 -4.47241537e-01 1.13128799e-01
-4.50504773e-01 4.07342981e-02 -8.91844250e-01 1.22947634e+00
0.00000000e+00 0.00000000e+00 0.00000000e+00 1.00000000e+00
8.61983615e-01 -7.74278853e-04 5.06935546e-01 4.61116631e-01
9.75568601e-04 9.99999515e-01 -1.31467744e-04 -7.02409393e-05
-5.06935199e-01 6.07873443e-04 8.61983953e-01 5.14865000e-01
0.00000000e+00 0.00000000e+00 0.00000000e+00 1.00000000e+00
-2.53435623e-03 -1.54401714e-05 -9.99996788e-01 3.01333397e-01
-4.14601399e-05 9.99999999e-01 -1.53351459e-05 4.81380764e-06
9.99996788e-01 4.14211420e-05 -2.53435686e-03 7.03975454e-01
0.00000000e+00 0.00000000e+00 0.00000000e+00 1.00000000e+00
7.40605116e-02 9.89885914e-01 1.20999661e-01 -2.03764279e-01
8.68712436e-01 -4.45157025e-03 -4.95296767e-01 1.31469780e-01
-4.89748654e-01 1.41795842e-01 -8.60255889e-01 1.21646494e+00
0.00000000e+00 0.00000000e+00 0.00000000e+00 1.00000000e+00
8.30026231e-01 6.86445954e-02 5.53483853e-01 4.69813532e-01
-9.36627987e-02 9.95458814e-01 1.70008794e-02 6.74372151e-03
-5.49803362e-01 -6.59520226e-02 8.32686372e-01 5.02590478e-01
0.00000000e+00 0.00000000e+00 0.00000000e+00 1.00000000e+00
-2.44104846e-03 3.89840722e-05 -9.99997020e-01 3.01380224e-01
-1.14668772e-05 9.99999999e-01 3.90121796e-05 -1.97865284e-05
9.99997021e-01 1.15620736e-05 -2.44104801e-03 7.03947334e-01
0.00000000e+00 0.00000000e+00 0.00000000e+00 1.00000000e+00
7.46572567e-01 5.05181304e-01 4.32921762e-01 -6.09239348e-01
6.61746741e-01 -4.96659294e-01 -5.61623358e-01 2.89939584e-01
-6.87070038e-02 7.05777158e-01 -7.05094286e-01 7.22397468e-01
0.00000000e+00 0.00000000e+00 0.00000000e+00 1.00000000e+00
4.75429431e-01 3.53380737e-01 8.05660543e-01 5.24225493e-01
-6.41260147e-01 7.66153252e-01 4.23629365e-02 4.61707306e-02
-6.02289199e-01 -5.36778585e-01 5.90860788e-01 4.05991769e-01
0.00000000e+00 0.00000000e+00 0.00000000e+00 1.00000000e+00
-2.44498130e-03 5.72880888e-05 -9.99997009e-01 3.01389794e-01
9.87833833e-07 9.99999998e-01 5.72858448e-05 -2.43861259e-05
9.99997011e-01 -8.47768060e-07 -2.44498135e-03 7.03942804e-01
0.00000000e+00 0.00000000e+00 0.00000000e+00 1.00000000e+00
5.30497188e-01 7.40510675e-01 4.12573234e-01 -5.63839503e-01
8.36368722e-01 -5.36504173e-01 -1.12475033e-01 1.64466717e-01
1.38058300e-01 4.04731037e-01 -9.03953922e-01 5.90215611e-01
0.00000000e+00 0.00000000e+00 0.00000000e+00 1.00000000e+00
4.19055816e-01 6.72217830e-01 6.10340406e-01 4.78412642e-01
-8.54270721e-01 5.19633795e-01 1.42215914e-02 6.15074919e-02
-3.07593494e-01 -5.27355580e-01 7.92011575e-01 5.45949149e-01
0.00000000e+00 0.00000000e+00 0.00000000e+00 1.00000000e+00
-2.63200925e-03 3.62099574e-05 -9.99996536e-01 3.01347446e-01
-5.09794831e-05 9.99999998e-01 3.63442617e-05 -3.94817664e-06
9.99996535e-01 5.10749649e-05 -2.63200740e-03 7.03979900e-01
0.00000000e+00 0.00000000e+00 0.00000000e+00 1.00000000e+00
-8.19691106e-01 4.04235495e-01 -4.05832669e-01 1.46064621e-01
5.00324068e-01 8.50230441e-01 -1.63658253e-01 -1.94053277e-01
2.78894814e-01 -3.37197066e-01 -8.99175078e-01 5.93936202e-01
0.00000000e+00 0.00000000e+00 0.00000000e+00 1.00000000e+00
-3.30803735e-02 5.13227408e-01 -8.57614900e-01 -2.08457752e-01
-9.82941490e-01 -1.72035305e-01 -6.50375387e-02 7.07717873e-02
-1.80919089e-01 8.40833801e-01 5.10163505e-01 7.89908427e-01
0.00000000e+00 0.00000000e+00 0.00000000e+00 1.00000000e+00
-2.67812342e-03 3.63417892e-05 -9.99996413e-01 3.01338996e-01
-7.81415043e-05 9.99999996e-01 3.65511927e-05 -2.16011576e-07
9.99996411e-01 7.82391126e-05 -2.67812057e-03 7.03987038e-01
0.00000000e+00 0.00000000e+00 0.00000000e+00 1.00000000e+00
-8.93152981e-01 -1.75366037e-02 -4.49410970e-01 3.12484176e-01
1.24305537e-01 9.50690514e-01 -2.84140247e-01 -9.27305962e-02
4.32233601e-01 -3.09644981e-01 -8.46932170e-01 5.00101607e-01
0.00000000e+00 0.00000000e+00 0.00000000e+00 1.00000000e+00
1.90052809e-02 1.87868641e-01 -9.82010271e-01 -3.49653099e-01
-9.45484399e-01 -3.16001973e-01 -7.87527994e-02 6.80748768e-02
-3.25112365e-01 9.29972111e-01 1.71621163e-01 7.03594901e-01
0.00000000e+00 0.00000000e+00 0.00000000e+00 1.00000000e+00
-2.70935600e-03 3.95279057e-05 -9.99996329e-01 3.01334144e-01
-8.74794621e-05 9.99999995e-01 3.97650645e-05 1.02293054e-06
9.99996326e-01 8.75868787e-05 -2.70935253e-03 7.03990771e-01
0.00000000e+00 0.00000000e+00 0.00000000e+00 1.00000000e+00
-8.76007332e-01 -2.28786096e-01 -4.24579883e-01 3.74519609e-01
-7.75568577e-02 9.35693720e-01 -3.44183376e-01 -1.53595094e-02
4.76021101e-01 -2.68578079e-01 -8.37418489e-01 4.49183921e-01
0.00000000e+00 0.00000000e+00 0.00000000e+00 1.00000000e+00
8.93567335e-02 6.99026100e-03 -9.95975156e-01 -4.14231610e-01
-9.15863065e-01 -3.92406510e-01 -8.49233591e-02 6.59421407e-02
-3.91420771e-01 9.19765333e-01 -2.86620421e-02 6.38647293e-01
0.00000000e+00 0.00000000e+00 0.00000000e+00 1.00000000e+00
-2.60248868e-03 3.15434470e-05 -9.99996613e-01 3.01354003e-01
-1.25432786e-05 9.99999999e-01 3.15761977e-05 -1.12618128e-05
9.99996613e-01 1.26254128e-05 -2.60248828e-03 7.03990912e-01
0.00000000e+00 0.00000000e+00 0.00000000e+00 1.00000000e+00
-3.20321255e-01 9.40787823e-01 1.10961999e-01 -4.30466047e-04
9.39848525e-01 3.00939306e-01 1.61617714e-01 2.35803278e-02
1.18655150e-01 1.56057060e-01 -9.80595304e-01 3.16626383e-01
0.00000000e+00 0.00000000e+00 0.00000000e+00 1.00000000e+00
9.88864269e-01 2.07712437e-05 -1.48820217e-01 -3.85960177e-01
-3.17958151e-02 9.76939198e-01 -2.11136993e-01 2.28929869e-03
1.45383918e-01 2.13517689e-01 9.66060926e-01 6.19236440e-01
0.00000000e+00 0.00000000e+00 0.00000000e+00 1.00000000e+00
-2.58271291e-03 3.84757975e-05 -9.99996664e-01 3.01356238e-01
8.86037264e-07 9.99999999e-01 3.84736374e-05 -1.12022242e-05
9.99996665e-01 -7.86667948e-07 -2.58271294e-03 7.03991105e-01
0.00000000e+00 0.00000000e+00 0.00000000e+00 1.00000000e+00
-1.53298416e-01 9.85052296e-01 7.85593369e-02 -4.06893770e-02
9.88144519e-01 1.52134627e-01 2.06267815e-02 1.80080768e-02
8.36686303e-03 8.07900311e-02 -9.96696025e-01 3.38406173e-01
0.00000000e+00 0.00000000e+00 0.00000000e+00 1.00000000e+00
9.99620606e-01 6.04753459e-04 -2.75368672e-02 -3.75569311e-01
-2.30282482e-03 9.98093596e-01 -6.16755193e-02 1.65803387e-04
2.74470724e-02 6.17155325e-02 9.97716318e-01 6.30948937e-01
0.00000000e+00 0.00000000e+00 0.00000000e+00 1.00000000e+00
-2.56502165e-03 4.34410301e-05 -9.99996709e-01 3.01357848e-01
8.56782290e-06 9.99999999e-01 4.34191963e-05 -1.21311119e-05
9.99996710e-01 -8.45642353e-06 -2.56502202e-03 7.03991489e-01
0.00000000e+00 0.00000000e+00 0.00000000e+00 1.00000000e+00
-6.59776759e-02 9.96701831e-01 4.72483441e-02 -6.17175056e-02
9.94274877e-01 6.96580381e-02 -8.10260905e-02 1.65227233e-02
-8.40500797e-02 4.16319284e-02 -9.95591466e-01 3.52858903e-01
0.00000000e+00 0.00000000e+00 0.00000000e+00 1.00000000e+00
9.99766705e-01 -2.36091136e-06 2.15994228e-02 -3.71072309e-01
1.19633832e-07 9.99999995e-01 1.03766913e-04 -8.61363590e-09
-2.15994230e-02 -1.03740121e-04 9.99766700e-01 6.35650879e-01
0.00000000e+00 0.00000000e+00 0.00000000e+00 1.00000000e+00
-2.56644211e-03 4.91464385e-05 -9.99996705e-01 3.01358286e-01
8.56065203e-06 9.99999999e-01 4.91246298e-05 -1.12820569e-05
9.99996707e-01 -8.43454831e-06 -2.56644252e-03 7.03991917e-01
0.00000000e+00 0.00000000e+00 0.00000000e+00 1.00000000e+00
-6.61438716e-02 9.96660638e-01 4.78806933e-02 -6.16908460e-02
9.94251586e-01 6.98810789e-02 -8.11197819e-02 1.65041335e-02
-8.41948481e-02 4.22398788e-02 -9.95553625e-01 3.52749703e-01
0.00000000e+00 0.00000000e+00 0.00000000e+00 1.00000000e+00
9.99766874e-01 -1.66419827e-06 2.15916318e-02 -3.71077460e-01
6.04788544e-07 9.99999999e-01 4.90722854e-05 -4.35447751e-08
-2.15916319e-02 -4.90477870e-05 9.99766872e-01 6.35651973e-01
0.00000000e+00 0.00000000e+00 0.00000000e+00 1.00000000e+00
-2.56351077e-03 5.27937593e-05 -9.99996713e-01 3.01358710e-01
8.28554561e-06 9.99999999e-01 5.27726927e-05 -1.20812856e-05
9.99996714e-01 -8.15023501e-06 -2.56351120e-03 7.03990825e-01
0.00000000e+00 0.00000000e+00 0.00000000e+00 1.00000000e+00
-6.59396716e-02 9.96713553e-01 4.70537336e-02 -6.17064451e-02
9.94315785e-01 6.95853853e-02 -8.05853224e-02 1.65217140e-02
-8.35947352e-02 4.14725004e-02 -9.95636456e-01 3.52773317e-01
0.00000000e+00 0.00000000e+00 0.00000000e+00 1.00000000e+00
9.99767859e-01 -1.51254763e-06 2.15459524e-02 -3.71075170e-01
6.81329482e-07 9.99999999e-01 3.85861946e-05 -4.90557227e-08
-2.15459525e-02 -3.85625573e-05 9.99767858e-01 6.35654730e-01
0.00000000e+00 0.00000000e+00 0.00000000e+00 1.00000000e+00
