[[ 0.81595993 -0.27748102  0.50716209  0.17257451]
 [ 0.5682326   0.54641622 -0.61525702 -0.0269378 ]
 [-0.10639943  0.79021114  0.60352755  0.36366636]
 [ 0.          0.          0.          1.        ]]	[[ 0.87926644 -0.34535155  0.32805926  0.18829617]
 [ 0.4697144   0.74302614 -0.47673973 -0.03963432]
 [-0.07911378  0.57327533  0.81553447  0.38538292]
 [ 0.          0.          0.          1.        ]]	[[ 0.8408491  -0.36393732  0.40065238  0.18152063]
 [ 0.5384087   0.63838357 -0.55007482 -0.03070687]
 [-0.05557716  0.67824465  0.73273128  0.38256943]
 [ 0.          0.          0.          1.        ]]	[[ 0.91764021 -0.32646659  0.22661914  0.19482142]
 [ 0.39326349  0.82813662 -0.3994166  -0.04937997]
 [-0.05727544  0.45564175  0.88831884  0.39572066]
 [ 0.          0.          0.          1.        ]]	[[ 0.87642485 -0.37573868  0.30116445  0.18829009]
 [ 0.47992703  0.73270118 -0.48251325 -0.03814155]
 [-0.03936468  0.56742358  0.82248473  0.39361107]
 [ 0.          0.          0.          1.        ]]	[[ 0.87696385 -0.3736631   0.30217576  0.18858269]
 [ 0.47883916  0.73256731 -0.48379555 -0.03826412]
 [-0.04058751  0.56896484  0.82135963  0.39340052]
 [ 0.          0.          0.          1.        ]]	[[ 0.82782888 -0.35455114  0.43473321  0.17797919]
 [ 0.55831808  0.59613746 -0.57697588 -0.02760975]
 [-0.05459332  0.7203567   0.69145215  0.37956139]
 [ 0.          0.          0.          1.        ]]	[[ 0.91331899 -0.33595437  0.23018096  0.19424382]
 [ 0.40430492  0.81579298 -0.4135451  -0.04821625]
 [-0.04884773  0.4707619   0.88090718  0.39692324]
 [ 0.          0.          0.          1.        ]]	[[ 0.80881041 -0.33691162  0.48199195  0.17339039]
 [ 0.586263    0.5261454  -0.61600864 -0.02390971]
 [-0.04605742  0.78080827  0.62307078  0.37546587]
 [ 0.          0.          0.          1.        ]]	[[ 0.85368323 -0.34766749  0.38775295  0.18311915]
 [ 0.51459455  0.67764193 -0.52535152 -0.0334087 ]
 [-0.08011001  0.64801931  0.75739938  0.38047385]
 [ 0.          0.          0.          1.        ]]	[[ 0.80931592 -0.33481455  0.48260438  0.17338848]
 [ 0.58523911  0.52963203 -0.61399114 -0.02404187]
 [-0.05002959  0.77935177  0.62458622  0.37485909]
 [ 0.          0.          0.          1.        ]]	[[ 0.82910281 -0.2983335   0.47284853  0.1759713 ]
 [ 0.5472666   0.606103   -0.57718152 -0.02907092]
 [-0.11440235  0.73731697  0.6657896   0.36737147]
 [ 0.          0.          0.          1.        ]]	[[ 0.85690469 -0.34428927  0.38363945  0.18389791]
 [ 0.50856149  0.68613833 -0.52017242 -0.03438187]
 [-0.08413997  0.6408425   0.76304746  0.3801406 ]
 [ 0.          0.          0.          1.        ]]	[[ 0.83095795 -0.35511947  0.42825115  0.17907719]
 [ 0.55346441  0.60577875 -0.57158494 -0.0282494 ]
 [-0.05644456  0.71198475  0.69992262  0.38000205]
 [ 0.          0.          0.          1.        ]]	[[ 0.82978052 -0.35761824  0.42845482  0.17894746]
 [ 0.55545121  0.60376805 -0.57178527 -0.02822262]
 [-0.05420651  0.71244192  0.69963443  0.38018134]
 [ 0.          0.          0.          1.        ]]	[[ 0.82953572 -0.3574155   0.42909753  0.17896643]
 [ 0.55576897  0.60361069 -0.57164246 -0.02809964]
 [-0.05469404  0.712677    0.69935715  0.38012269]
 [ 0.          0.          0.          1.        ]]	[[ 0.83823764 -0.33981618  0.42647707  0.18014973]
 [ 0.54015493  0.62466341 -0.56393993 -0.03013315]
 [-0.07476875  0.70307934  0.70716989  0.37766585]
 [ 0.          0.          0.          1.        ]]	[[ 0.84283805 -0.33377239  0.42216119  0.1802088 ]
 [ 0.53134757  0.64059222 -0.55435693 -0.03130364]
 [-0.08540413  0.69154739  0.71726459  0.37659058]
 [ 0.          0.          0.          1.        ]]	[[ 0.82900858 -0.35872644  0.42902225  0.17851712]
 [ 0.5570752   0.59709132 -0.57719088 -0.02793068]
 [-0.04911183  0.71749383  0.69483137  0.38088366]
 [ 0.          0.          0.          1.        ]]	[[ 0.80997294 -0.3335228   0.48239645  0.17396995]
 [ 0.58422101  0.53078985 -0.61396098 -0.02417617]
 [-0.05128114  0.77911794  0.62477648  0.37469843]
 [ 0.          0.          0.          1.        ]]	[[ 0.81021553 -0.33474332  0.48114198  0.17384794]
 [ 0.58401626  0.53073245 -0.61420518 -0.02447501]
 [-0.04975662  0.77863336  0.62550324  0.37500229]
 [ 0.          0.          0.          1.        ]]	[[ 0.85614401 -0.34491298  0.38477588  0.18362132]
 [ 0.51009554  0.68311936 -0.52263784 -0.03442492]
 [-0.08258331  0.64372569  0.76078707  0.38022372]
 [ 0.          0.          0.          1.        ]]	[[ 0.85556757 -0.34469149  0.3862536   0.18344359]
 [ 0.51112592  0.68088084 -0.52454895 -0.03403699]
 [-0.08218509  0.64621139  0.75872034  0.38031751]
 [ 0.          0.          0.          1.        ]]	[[ 0.88934344 -0.35241136  0.29133239  0.19045107]
 [ 0.45317072  0.76416332 -0.4590106  -0.04163059]
 [-0.06086498  0.54024142  0.83930618  0.39102668]
 [ 0.          0.          0.          1.        ]]	[[ 0.80900389 -0.33616039  0.48219144  0.17371535]
 [ 0.5858289   0.52828676 -0.61458737 -0.02376853]
 [-0.04813544  0.77968538  0.6243186   0.37527093]
 [ 0.          0.          0.          1.        ]]	[[ 0.90936095 -0.33232009  0.25025147  0.1935741 ]
 [ 0.41133001  0.80821508 -0.4214215  -0.04672104]
 [-0.06221017  0.48616022  0.87165248  0.39370283]
 [ 0.          0.          0.          1.        ]]	[[ 0.88183194 -0.37177867  0.29009157  0.18963267]
 [ 0.46983871  0.74526167 -0.47311386 -0.03953279]
 [-0.04030049  0.55350316  0.83187151  0.39430791]
 [ 0.          0.          0.          1.        ]]	[[ 0.87176359 -0.36904591  0.32223198  0.18748151]
 [ 0.48747838  0.71906364 -0.49529046 -0.03711093]
 [-0.04892036  0.58885729  0.80675542  0.39059567]
 [ 0.          0.          0.          1.        ]]	[[ 0.88933927 -0.33697033  0.30907387  0.18971525]
 [ 0.45006928  0.76441717 -0.46163207 -0.04178584]
 [-0.08070506  0.54965216  0.83148617  0.38675794]
 [ 0.          0.          0.          1.        ]]	[[ 0.89862674 -0.33714736  0.28071621  0.19131903]
 [ 0.43290865  0.78519607 -0.4427833  -0.04419899]
 [-0.07113408  0.51942146  0.85155231  0.3901335 ]
 [ 0.          0.          0.          1.        ]]	[[ 0.87307608 -0.37161028  0.31566423  0.18780468]
 [ 0.4854852   0.72255266 -0.4921605  -0.0375752 ]
 [-0.04519214  0.58294386  0.81125474  0.39157948]
 [ 0.          0.          0.          1.        ]]	[[ 0.88922536 -0.34229225  0.30350295  0.18983515]
 [ 0.45127755  0.76512372 -0.45927563 -0.0419354 ]
 [-0.07501082  0.54536372  0.83483642  0.38790682]
 [ 0.          0.          0.          1.        ]]	[[ 0.82780111 -0.35283479  0.43618017  0.17822812]
 [ 0.55807704  0.5974375  -0.575863   -0.02774411]
 [-0.05740592  0.72012222  0.69146848  0.37902114]
 [ 0.          0.          0.          1.        ]]	[[ 0.90569198 -0.32734525  0.26938283  0.19231205]
 [ 0.41700864  0.80231309 -0.42708015 -0.04642636]
 [-0.07632673  0.49913806  0.86315429  0.38997051]
 [ 0.          0.          0.          1.        ]]	[[ 0.8688066  -0.36998478  0.3290689   0.18638533]
 [ 0.49276146  0.71127158 -0.50127727 -0.0365371 ]
 [-0.0485924   0.59766555  0.80027175  0.39004377]
 [ 0.          0.          0.          1.        ]]	[[ 0.90374875 -0.33716255  0.26374152  0.19222069]
 [ 0.42355064  0.79355818 -0.43688715 -0.04543845]
 [-0.06199224  0.50654405  0.85998255  0.39275268]
 [ 0.          0.          0.          1.        ]]	[[ 0.84805191 -0.37188762  0.37750196  0.18273073]
 [ 0.52759957  0.6590519  -0.53599381 -0.03221697]
 [-0.04946393  0.65372038  0.75511789  0.38563532]
 [ 0.          0.          0.          1.        ]]	[[ 0.81680179 -0.34477472  0.46256369  0.17530099]
 [ 0.57470709  0.55639362 -0.60011494 -0.02534223]
 [-0.05046302  0.75601369  0.65260786  0.3772158 ]
 [ 0.          0.          0.          1.        ]]	[[ 0.9136579  -0.33294576  0.23318702  0.19425519]
 [ 0.40318787  0.81520343 -0.41579217 -0.04799107]
 [-0.05165862  0.47391     0.87905681  0.3964327 ]
 [ 0.          0.          0.          1.        ]]	[[ 0.88345832 -0.37165347  0.28526336  0.19006512]
 [ 0.46679521  0.75029808 -0.46813977 -0.03980406]
 [-0.04004681  0.54674149  0.83634311  0.39475492]
 [ 0.          0.          0.          1.        ]]	[[ 0.92379642 -0.32400212  0.2040166   0.19581194]
 [ 0.38047761  0.83646321 -0.39441878 -0.05092917]
 [-0.04285985  0.44198644  0.89599729  0.39966282]
 [ 0.          0.          0.          1.        ]]	[[ 0.81586391 -0.34682575  0.46268553  0.17513546]
 [ 0.57574505  0.56154019 -0.59429806 -0.02523802]
 [-0.05369866  0.75125539  0.65782368  0.37691069]
 [ 0.          0.          0.          1.        ]]	[[ 0.8468526  -0.34867242  0.40158221  0.18137449]
 [ 0.52579015  0.66236103 -0.53368795 -0.03184872]
 [-0.07991016  0.66310298  0.74425066  0.37929937]
 [ 0.          0.          0.          1.        ]]	[[ 0.82111579 -0.35347888  0.44813126  0.17640226]
 [ 0.5682925   0.57927889 -0.58436263 -0.0260754 ]
 [-0.05303316  0.73449898  0.67653447  0.37855902]
 [ 0.          0.          0.          1.        ]]	[[ 0.8350293  -0.32874909  0.44119182  0.17822944]
 [ 0.54370481  0.61593658 -0.57009417 -0.0293014 ]
 [-0.08432825  0.71592343  0.69306755  0.37494576]
 [ 0.          0.          0.          1.        ]]	[[ 0.8220737  -0.35177973  0.44771165  0.17667019]
 [ 0.56688541  0.5792138  -0.58579201 -0.02637622]
 [-0.05325098  0.73536545  0.67557526  0.37849453]
 [ 0.          0.          0.          1.        ]]	[[ 0.88499856 -0.34273824  0.31513169  0.18892701]
 [ 0.45924032  0.75401789 -0.46963301 -0.04074045]
 [-0.07665375  0.56034577  0.82470405  0.38698453]
 [ 0.          0.          0.          1.        ]]	[[ 0.8364228  -0.36608854  0.40789208  0.18002203]
 [ 0.54571873  0.62534595 -0.55779368 -0.0293153 ]
 [-0.05087176  0.68914568  0.72283489  0.38286024]
 [ 0.          0.          0.          1.        ]]	[[ 0.89082581 -0.34730917  0.29292682  0.19010493]
 [ 0.44959283  0.76684684 -0.45805284 -0.04212185]
 [-0.06554405  0.53974307  0.83927459  0.39022571]
 [ 0.          0.          0.          1.        ]]	[[ 0.81529301 -0.34676358  0.46373758  0.17507952]
 [ 0.57696587  0.55434948 -0.59983927 -0.02505538]
 [-0.04907027  0.75660539  0.65202796  0.37732178]
 [ 0.          0.          0.          1.        ]]	[[ 0.81541425 -0.34678361  0.46350929  0.17481282]
 [ 0.57682061  0.55419236 -0.60012394 -0.025345  ]
 [-0.04876018  0.7567113   0.65192831  0.37732324]
 [ 0.          0.          0.          1.        ]]	[[ 0.87718379 -0.34455046  0.33441514  0.18765649]
 [ 0.47278318  0.74136013 -0.47629938 -0.03914044]
 [-0.08381291  0.57590801  0.81320679  0.38429451]
 [ 0.          0.          0.          1.        ]]	[[ 0.83955491 -0.36584973  0.40162385  0.18093175]
 [ 0.54065007  0.63522077 -0.5515362  -0.03009757]
 [-0.05334042  0.68018281  0.73109937  0.38306251]
 [ 0.          0.          0.          1.        ]]	[[ 0.9180094  -0.32383069  0.22889374  0.19487083]
 [ 0.3920899   0.82760847 -0.40165895 -0.0492039 ]
 [-0.0593649   0.45847356  0.88672304  0.39543176]
 [ 0.          0.          0.          1.        ]]	[[ 0.87621659 -0.37342513  0.30462772  0.18847874]
 [ 0.4800669   0.7316907  -0.48390546 -0.03819129]
 [-0.04219082  0.57024777  0.82038862  0.39290145]
 [ 0.          0.          0.          1.        ]]	[[ 0.87674659 -0.37257284  0.3041459   0.18853036]
 [ 0.47900665  0.73325562 -0.48258555 -0.03848216]
 [-0.04321843  0.56879318  0.82134426  0.39281058]
 [ 0.          0.          0.          1.        ]]	[[ 0.82612795 -0.35562196  0.43708748  0.17777178]
 [ 0.5608843   0.59338033 -0.57732868 -0.02699706]
 [-0.05404833  0.722103    0.68967092  0.3796232 ]
 [ 0.          0.          0.          1.        ]]	[[ 0.91194576 -0.33720458  0.23376915  0.19379771]
 [ 0.40717918  0.81399828 -0.41426101 -0.04737307]
 [-0.05059697  0.47296944  0.87962484  0.39652458]
 [ 0.          0.          0.          1.        ]]	[[ 0.80777639 -0.33912349  0.48217481  0.17292219]
 [ 0.58772999  0.52645534 -0.61434382 -0.02349094]
 [-0.04550506  0.77964103  0.62457126  0.37569138]
 [ 0.          0.          0.          1.        ]]	[[ 0.85208166 -0.34885409  0.39020216  0.18299997]
 [ 0.51713437  0.67619556 -0.52472055 -0.0328512 ]
 [-0.08080205  0.64889169  0.75657827  0.38026601]
 [ 0.          0.          0.          1.        ]]	[[ 0.80972177 -0.3377465   0.47987267  0.17364243]
 [ 0.58500409  0.52878284 -0.61494631 -0.02393044]
 [-0.0460525   0.77866292  0.62575012  0.37583119]
 [ 0.          0.          0.          1.        ]]	[[ 0.82854307 -0.30507633  0.46951562  0.17577407]
 [ 0.54942364  0.60460925 -0.57669902 -0.02829658]
 [-0.10793628  0.73578286  0.66856092  0.36879885]
 [ 0.          0.          0.          1.        ]]	[[ 0.85840529 -0.3470158   0.37778357  0.18366125]
 [ 0.50694257  0.68645477 -0.52133423 -0.03429169]
 [-0.07842012  0.63903052  0.76517344  0.38168532]
 [ 0.          0.          0.          1.        ]]	[[ 0.82799864 -0.35953426  0.43029422  0.17842294]
 [ 0.55814719  0.60202664 -0.57099515 -0.02749078]
 [-0.05375627  0.71295083  0.69915038  0.38031867]
 [ 0.          0.          0.          1.        ]]	[[ 0.82886934 -0.35849291  0.42948601  0.17846975]
 [ 0.55680811  0.60305083 -0.57122177 -0.02772153]
 [-0.05422296  0.71260965  0.69946218  0.38027453]
 [ 0.          0.          0.          1.        ]]	[[ 0.82866526 -0.35864514  0.42975318  0.17828797]
 [ 0.55709362  0.60307056 -0.57092261 -0.02751318]
 [-0.05441289  0.71251643  0.69954246  0.38033798]
 [ 0.          0.          0.          1.        ]]	[[ 0.83826655 -0.34071124  0.42570531  0.17962778]
 [ 0.54025328  0.62455535 -0.56396574 -0.03011089]
 [-0.07372706  0.70274222  0.70761418  0.37793347]
 [ 0.          0.          0.          1.        ]]	[[ 0.84056634 -0.33817661  0.42318416  0.17975061]
 [ 0.53523833  0.63886088 -0.55260938 -0.03042877]
 [-0.08347622  0.69100916  0.71800995  0.37687233]
 [ 0.          0.          0.          1.        ]]	[[ 0.82800251 -0.35934106  0.4304482   0.17847133]
 [ 0.55855578  0.59602302 -0.576864   -0.02755291]
 [-0.0492661   0.7180742   0.69422066  0.38085446]
 [ 0.          0.          0.          1.        ]]	[[ 0.80865562 -0.33878908  0.48093462  0.17386906]
 [ 0.58644074  0.52888054 -0.61349231 -0.02371857]
 [-0.04651247  0.77814364  0.62636197  0.37569061]
 [ 0.          0.          0.          1.        ]]	[[ 0.80881208 -0.33911607  0.48044068  0.17356962]
 [ 0.58627152  0.52878261 -0.6137383  -0.02383208]
 [-0.04592018  0.77806765  0.62649989  0.37577209]
 [ 0.          0.          0.          1.        ]]	[[ 0.8546958  -0.34712541  0.386004    0.18291271]
 [ 0.51273954  0.68077803 -0.5231058  -0.03356842]
 [-0.08119975  0.64501578  0.75984299  0.38052073]
 [ 0.          0.          0.          1.        ]]	[[ 0.85375935 -0.34784204  0.38742876  0.18305339]
 [ 0.51424271  0.67986906 -0.52281213 -0.03311129]
 [-0.0815448   0.64558822  0.75931984  0.38042107]
 [ 0.          0.          0.          1.        ]]	[[ 0.8902247  -0.34836692  0.29349732  0.19026709]
 [ 0.45092145  0.76527488 -0.4593738  -0.04184525]
 [-0.06457551  0.54129016  0.83835268  0.39030728]
 [ 0.          0.          0.          1.        ]]	[[ 0.80921078 -0.33856162  0.48016009  0.17361112]
 [ 0.58573365  0.52854955 -0.61445218 -0.02378349]
 [-0.04575849  0.77846742  0.62601507  0.37594667]
 [ 0.          0.          0.          1.        ]]	[[ 0.90689069 -0.33546451  0.25497627  0.19300526]
 [ 0.41656464  0.80487031 -0.42267933 -0.04634226]
 [-0.06342889  0.48953801  0.86967194  0.39312997]
 [ 0.          0.          0.          1.        ]]	[[ 0.88026297 -0.37333274  0.29284737  0.18943882]
 [ 0.4726893   0.74364108 -0.47282413 -0.03897272]
 [-0.04125261  0.55463552  0.83107018  0.39401543]
 [ 0.          0.          0.          1.        ]]	[[ 0.87159711 -0.36847812  0.3233296   0.18724957]
 [ 0.48770222  0.71856648 -0.49579087 -0.03724229]
 [-0.04964575  0.58981848  0.80600816  0.39032301]
 [ 0.          0.          0.          1.        ]]	[[ 0.88917708 -0.33584261  0.31076315  0.18937138]
 [ 0.45004529  0.76452559 -0.46147597 -0.04172009]
 [-0.08260311  0.5501914   0.83094305  0.38636854]
 [ 0.          0.          0.          1.        ]]	[[ 0.89986098 -0.33537036  0.27888498  0.19158293]
 [ 0.43038401  0.7865606  -0.44282293 -0.04448444]
 [-0.07085025  0.51850665  0.85213321  0.39036486]
 [ 0.          0.          0.          1.        ]]	[[ 0.87282503 -0.36986083  0.31840146  0.18752168]
 [ 0.48565927  0.72253436 -0.49201563 -0.03741317]
 [-0.04807867  0.58407813  0.81027234  0.39098513]
 [ 0.          0.          0.          1.        ]]	[[ 0.88835847 -0.34245118  0.30585381  0.18984939]
 [ 0.45268062  0.7646665  -0.45865613 -0.04143875]
 [-0.07680884  0.54590511  0.834319    0.38758695]
 [ 0.          0.          0.          1.        ]]	[[ 0.82699412 -0.35457626  0.43629849  0.17751807]
 [ 0.5592804   0.59797996 -0.57413012 -0.02731699]
 [-0.05732484  0.71881545  0.69283354  0.37917984]
 [ 0.          0.          0.          1.        ]]	[[ 0.90449381 -0.3288922   0.27151552  0.19236359]
 [ 0.41964775  0.79988253 -0.42904961 -0.04581646]
 [-0.07606943  0.50201356  0.86150771  0.39000425]
 [ 0.          0.          0.          1.        ]]	[[ 0.86840546 -0.36841518  0.33187714  0.18679351]
 [ 0.49319181  0.71102625 -0.50120205 -0.03635694]
 [-0.05132292  0.59892571  0.79915833  0.38944364]
 [ 0.          0.          0.          1.        ]]	[[ 0.90130067 -0.34106079  0.26708558  0.19166106]
 [ 0.42886516  0.78946292 -0.43911606 -0.0445943 ]
 [-0.06108889  0.51031935  0.85781258  0.39272317]
 [ 0.          0.          0.          1.        ]]	[[ 0.84724158 -0.37266111  0.37855715  0.18246788]
 [ 0.5288626   0.65863639 -0.53525925 -0.03171694]
 [-0.04986118  0.65369862  0.75511062  0.38565835]
 [ 0.          0.          0.          1.        ]]	[[ 0.8155573  -0.34397295  0.46534795  0.17478022]
 [ 0.57625848  0.55618566 -0.59881866 -0.02507984]
 [-0.05284242  0.7565316   0.65181857  0.37662521]
 [ 0.          0.          0.          1.        ]]	[[ 0.91292751 -0.33250988  0.23664376  0.19392875]
 [ 0.40445846  0.81462806 -0.41568559 -0.04786911]
 [-0.05455711  0.47520342  0.87818295  0.39576295]
 [ 0.          0.          0.          1.        ]]	[[ 0.88293964 -0.37211809  0.2862615   0.18923233]
 [ 0.46774867  0.74964619 -0.4682326  -0.03984272]
 [-0.04035704  0.54731959  0.83595014  0.39462265]
 [ 0.          0.          0.          1.        ]]	[[ 0.9246164  -0.32058913  0.20568688  0.19626157]
 [ 0.37814716  0.83739245 -0.39468813 -0.05100998]
 [-0.04570793  0.44271502  0.89549661  0.39908734]
 [ 0.          0.          0.          1.        ]]	[[ 0.81575674 -0.34522092  0.46407253  0.17509419]
 [ 0.57575214  0.56128341 -0.59453392 -0.02532564]
 [-0.05523068  0.75218588  0.65663248  0.3764821 ]
 [ 0.          0.          0.          1.        ]]	[[ 0.84678197 -0.34793577  0.40236914  0.18151712]
 [ 0.52588201  0.66139728 -0.53479153 -0.03174097]
 [-0.08005273  0.66445047  0.7430324   0.37928423]
 [ 0.          0.          0.          1.        ]]	[[ 0.82186514 -0.35251883  0.44751343  0.17686585]
 [ 0.56716794  0.58004719 -0.58469319 -0.02642834]
 [-0.05346356  0.73435408  0.67665786  0.37846488]
 [ 0.          0.          0.          1.        ]]	[[ 0.83463746 -0.32808509  0.44242567  0.17831792]
 [ 0.54399395  0.61689061 -0.56878531 -0.02921495]
 [-0.08631827  0.71540642  0.69335639  0.37456298]
 [ 0.          0.          0.          1.        ]]	[[ 0.82219166 -0.35229626  0.44708836  0.17668915]
 [ 0.56676829  0.5793705  -0.5857504  -0.02638068]
 [-0.05267213  0.73499465  0.67602396  0.37865964]
 [ 0.          0.          0.          1.        ]]	[[ 0.88351434 -0.34436461  0.31751472  0.1885134 ]
 [ 0.46202743  0.75217819 -0.46984985 -0.04029861]
 [-0.07702796  0.56181955  0.82366604  0.38665903]
 [ 0.          0.          0.          1.        ]]	[[ 0.83699137 -0.36482149  0.40786132  0.18045548]
 [ 0.54475135  0.62616169 -0.55782402 -0.02938753]
 [-0.05188094  0.6890769   0.72282892  0.38274124]
 [ 0.          0.          0.          1.        ]]	[[ 0.88932377 -0.3484107   0.29616424  0.18962944]
 [ 0.45230752  0.7654658  -0.45768982 -0.04150921]
 [-0.06723954  0.54099172  0.83833563  0.38976738]
 [ 0.          0.          0.          1.        ]]	[[ 0.81508833 -0.34410259  0.46607339  0.17499729]
 [ 0.57698971  0.55451018 -0.59966779 -0.02491684]
 [-0.0520952   0.75770169  0.65051842  0.37668055]
 [ 0.          0.          0.          1.        ]]	[[ 0.81504583 -0.34436008  0.46595725  0.17500326]
 [ 0.57707602  0.55437833 -0.59970665 -0.0249908 ]
 [-0.05180158  0.75768125  0.6505658   0.37671721]
 [ 0.          0.          0.          1.        ]]	[[ 0.87627709 -0.34431794  0.33702141  0.18729243]
 [ 0.47413197  0.74060386 -0.47613516 -0.03863839]
 [-0.08565748  0.57701898  0.81222641  0.38384512]
 [ 0.          0.          0.          1.        ]]	[[ 0.83944494 -0.36435828  0.40320617  0.18100075]
 [ 0.54063171  0.63529474 -0.55146891 -0.03002862]
 [-0.05522247  0.68091381  0.73027855  0.38265795]
 [ 0.          0.          0.          1.        ]]	[[ 0.91793126 -0.32310155  0.23023336  0.19478592]
 [ 0.39205903  0.82761216 -0.40168166 -0.04924931]
 [-0.06075996  0.45898125  0.88636595  0.3951132 ]
 [ 0.          0.          0.          1.        ]]	[[ 0.87536836 -0.37400493  0.3063502   0.18820611]
 [ 0.48155111  0.73072422 -0.48389113 -0.03799373]
 [-0.04287985  0.57110631  0.81975543  0.39266092]
 [ 0.          0.          0.          1.        ]]	[[ 0.87533098 -0.37440816  0.30596444  0.1879756 ]
 [ 0.48158848  0.73164922 -0.48245424 -0.03793169]
 [-0.04322387  0.56965601  0.82074589  0.39266402]
 [ 0.          0.          0.          1.        ]]	[[ 0.82667744 -0.35241303  0.43864518  0.17805557]
 [ 0.55976248  0.59431112 -0.57746017 -0.02727227]
 [-0.05718723  0.72291046  0.68857121  0.37896678]
 [ 0.          0.          0.          1.        ]]	[[ 0.9119246  -0.33269328  0.24022669  0.19389075]
 [ 0.40627086  0.81438601 -0.41439036 -0.04755757]
 [-0.05777235  0.47548988  0.87782228  0.39493966]
 [ 0.          0.          0.          1.        ]]	[[ 0.80792958 -0.33782437  0.48282972  0.17318556]
 [ 0.58753687  0.5247618  -0.6159752  -0.02335459]
 [-0.04527918  0.78134483  0.62245488  0.37578148]
 [ 0.          0.          0.          1.        ]]	[[ 0.85208642 -0.34818962  0.39078453  0.18266469]
 [ 0.51705551  0.67588121 -0.52520299 -0.03311397]
 [-0.08125368  0.64957571  0.75594264  0.38004133]
 [ 0.          0.          0.          1.        ]]	[[ 0.80935717 -0.34510162  0.47523215  0.17386138]
 [ 0.58596212  0.52939969 -0.61350191 -0.02368598]
 [-0.03986724  0.77501029  0.63068998  0.37729543]
 [ 0.          0.          0.          1.        ]]	[[ 0.82898182 -0.30819038  0.46669897  0.17626718]
 [ 0.54946899  0.60438633 -0.57688946 -0.02842384]
 [-0.10427468  0.73466742  0.67036629  0.36956024]
 [ 0.          0.          0.          1.        ]]	[[ 0.85752678 -0.34199113  0.38430449  0.18323654]
 [ 0.50741076  0.68534678 -0.52233535 -0.03426879]
 [-0.08474781  0.6429168   0.76123327  0.38021642]
 [ 0.          0.          0.          1.        ]]	[[ 0.8294605  -0.35585907  0.4305343   0.17863399]
 [ 0.55576223  0.60291898 -0.57237875 -0.02786605]
 [-0.05589113  0.71404016  0.69787037  0.37996432]
 [ 0.          0.          0.          1.        ]]	[[ 0.8291676  -0.35548678  0.43140489  0.1787698 ]
 [ 0.55611938  0.60282415 -0.57213122 -0.02780369]
 [-0.05667621  0.71430528  0.6975354   0.37982172]
 [ 0.          0.          0.          1.        ]]	[[ 0.82979625 -0.3550202   0.4305799   0.17877203]
 [ 0.55510545  0.60445982 -0.57138991 -0.02797979]
 [-0.05741328  0.71315444  0.69865215  0.37972069]
 [ 0.          0.          0.          1.        ]]	[[ 0.83767033 -0.339652    0.4277207   0.17946161]
 [ 0.5410701   0.6228857  -0.56502795 -0.02998593]
 [-0.07450823  0.70473409  0.70554847  0.37762269]
 [ 0.          0.          0.          1.        ]]	[[ 0.84144008 -0.33372313  0.42497939  0.17987138]
 [ 0.53312331  0.64092964 -0.55225796 -0.03050414]
 [-0.0880806   0.69125843  0.71721947  0.37613162]
 [ 0.          0.          0.          1.        ]]	[[ 0.82804036 -0.35861549  0.43098053  0.17824534]
 [ 0.55846256  0.595671   -0.57731766 -0.0279424 ]
 [-0.04968752  0.71872884  0.69351298  0.38063201]
 [ 0.          0.          0.          1.        ]]	[[ 0.80922437 -0.34290776  0.47704318  0.17343079]
 [ 0.58601362  0.5288471  -0.61392903 -0.02389934]
 [-0.04176185  0.77636015  0.62890458  0.37670749]
 [ 0.          0.          0.          1.        ]]	[[ 0.80843598 -0.33590233  0.48332292  0.17333493]
 [ 0.58650267  0.52873904 -0.61355507 -0.02376157]
 [-0.04945709  0.77949017  0.62445921  0.37498027]
 [ 0.          0.          0.          1.        ]]	[[ 0.85451448 -0.34564996  0.38772577  0.18287706]
 [ 0.51274395  0.68067491 -0.52323538 -0.03362114]
 [-0.08305892  0.64591628  0.7588765   0.38006663]
 [ 0.          0.          0.          1.        ]]	[[ 0.85448611 -0.34585917  0.38760149  0.18303956]
 [ 0.51285183  0.68041468 -0.5234682  -0.03371733]
 [-0.08268349  0.64607841  0.75877941  0.38007385]
 [ 0.          0.          0.          1.        ]]	[[ 0.89130837 -0.34559518  0.29348469  0.19048104]
 [ 0.44852868  0.76669794 -0.4593434  -0.04210774]
 [-0.06626725  0.54105294  0.83837378  0.39012027]
 [ 0.          0.          0.          1.        ]]	[[ 0.80850095 -0.33921632  0.48089337  0.17341027]
 [ 0.58683115  0.52611327 -0.61549497 -0.02370378]
 [-0.04421845  0.77983147  0.62442577  0.37603745]
 [ 0.          0.          0.          1.        ]]	[[ 0.90702528 -0.33151907  0.25961566  0.19262327]
 [ 0.41540253  0.80536348 -0.4228833  -0.04643427]
 [-0.06889111  0.49141079  0.86819887  0.39189252]
 [ 0.          0.          0.          1.        ]]	[[ 0.8809635  -0.3720848   0.29232949  0.18954116]
 [ 0.47138095  0.74398696 -0.47358587 -0.03952333]
 [-0.04127523  0.55501032  0.83081889  0.39388347]
 [ 0.          0.          0.          1.        ]]	[[ 0.87145221 -0.36688414  0.32552588  0.18731749]
 [ 0.48777306  0.71789414 -0.49669448 -0.03732005]
 [-0.0514638   0.59162825  0.80456668  0.38996813]
 [ 0.          0.          0.          1.        ]]	[[ 0.8885982  -0.33742982  0.31069985  0.18908715]
 [ 0.45137313  0.76374549 -0.46147063 -0.04164017]
 [-0.08158165  0.55030352  0.83096957  0.38649535]
 [ 0.          0.          0.          1.        ]]	[[ 0.89927733 -0.332295    0.28439483  0.19137123]
 [ 0.43059155  0.78672278 -0.44233298 -0.04427489]
 [-0.07675484  0.52023798  0.85056531  0.38914067]
 [ 0.          0.          0.          1.        ]]	[[ 0.87246811 -0.37282264  0.31591573  0.18773594]
 [ 0.48663259  0.72184581 -0.49206439 -0.037315  ]
 [-0.04458968  0.58304536  0.81121504  0.39167941]
 [ 0.          0.          0.          1.        ]]	[[ 0.88863009 -0.34281012  0.30466005  0.18945339]
 [ 0.45244932  0.76392853 -0.46011171 -0.04155127]
 [-0.07500756  0.54671234  0.8339541   0.38795203]
 [ 0.          0.          0.          1.        ]]	[[ 0.82661778 -0.35307276  0.43822679  0.17769259]
 [ 0.55993438  0.59399402 -0.57761985 -0.02741332]
 [-0.05636229  0.72284913  0.6887036   0.37909347]
 [ 0.          0.          0.          1.        ]]	[[ 0.90445632 -0.32771829  0.27305588  0.19189619]
 [ 0.41952735  0.79921001 -0.43041858 -0.04589116]
 [-0.07717295  0.50384921  0.86033726  0.38973978]
 [ 0.          0.          0.          1.        ]]	[[ 0.86856991 -0.36932355  0.33043396  0.18663311]
 [ 0.49303478  0.71131527 -0.50094646 -0.03648878]
 [-0.05003139  0.59802252  0.79991645  0.38982251]
 [ 0.          0.          0.          1.        ]]	[[ 0.90355581 -0.33143136  0.27155146  0.1920141 ]
 [ 0.42276102  0.79272401 -0.43916026 -0.04532577]
 [-0.06971386  0.51160717  0.85638666  0.39116213]
 [ 0.          0.          0.          1.        ]]	[[ 0.84714389 -0.3717894   0.37963119  0.18256511]
 [ 0.52890617  0.65862685 -0.53522795 -0.03163248]
 [-0.05104324  0.65420431  0.75459337  0.38538966]
 [ 0.          0.          0.          1.        ]]	[[ 0.81524622 -0.34171644  0.46755055  0.17465299]
 [ 0.5764327   0.55643106 -0.59842271 -0.02510908]
 [-0.05566877  0.75737321  0.65060484  0.37607694]
 [ 0.          0.          0.          1.        ]]	[[ 0.9120248  -0.33656502  0.23438106  0.193763  ]
 [ 0.40704298  0.81282222 -0.41669679 -0.04726785]
 [-0.05026458  0.47544104  0.87831062  0.39662153]
 [ 0.          0.          0.          1.        ]]	[[ 0.88343829 -0.37024891  0.28714535  0.18967241]
 [ 0.46670574  0.74963856 -0.46928453 -0.03969508]
 [-0.04150313  0.54859632  0.83505666  0.39448413]
 [ 0.          0.          0.          1.        ]]	[[ 0.92408937 -0.32131717  0.20691583  0.19604202]
 [ 0.3793309   0.83709568 -0.39418137 -0.05069424]
 [-0.04655109  0.4427484   0.8954367   0.39894831]
 [ 0.          0.          0.          1.        ]]	[[ 0.8170746  -0.34257442  0.46371531  0.17549434]
 [ 0.57373917  0.56222481 -0.59558934 -0.0256469 ]
 [-0.05667858  0.75269258  0.65592802  0.37635869]
 [ 0.          0.          0.          1.        ]]	[[ 0.8461144  -0.34398133  0.40714508  0.18117787]
 [ 0.5261392   0.66120368 -0.53477782 -0.03185071]
 [-0.08525226  0.66669828  0.74043608  0.37803224]
 [ 0.          0.          0.          1.        ]]	[[ 0.82173848 -0.35135475  0.44865984  0.1767157 ]
 [ 0.56718898  0.58047605 -0.5842467  -0.02636802]
 [-0.05515844  0.73457295  0.67628407  0.37821499]
 [ 0.          0.          0.          1.        ]]	[[ 0.83574301 -0.32503214  0.44259208  0.17827767]
 [ 0.54201609  0.6175226  -0.5699864  -0.02948973]
 [-0.08804668  0.71625412  0.69226283  0.37436789]
 [ 0.          0.          0.          1.        ]]	[[ 0.82188421 -0.34998274  0.44946462  0.17681697]
 [ 0.56701756  0.57844019 -0.58642811 -0.02628288]
 [-0.05474868  0.73683035  0.67385727  0.37821954]
 [ 0.          0.          0.          1.        ]]	[[ 0.88363165 -0.34438148  0.31716952  0.18856522]
 [ 0.46183205  0.75236124 -0.46974877 -0.04045529]
 [-0.07685329  0.56156397  0.82385665  0.38674   ]
 [ 0.          0.          0.          1.        ]]	[[ 0.83615208 -0.36416194  0.4101657   0.18040341]
 [ 0.54596281  0.62438941 -0.55862552 -0.02922634]
 [-0.05267298  0.6910311   0.7209034   0.3824634 ]
 [ 0.          0.          0.          1.        ]]	[[ 0.89074397 -0.34259042  0.29867551  0.18982393]
 [ 0.44871035  0.76745528 -0.45789891 -0.04207306]
 [-0.07234833  0.54188949  0.83733004  0.3888399 ]
 [ 0.          0.          0.          1.        ]]	[[ 0.87129402 -0.28344226  0.40063334  0.18450476]
 [ 0.48193973  0.64826328 -0.58948147 -0.03719231]
 [-0.09263194  0.70669293  0.70143008  0.37797105]
 [ 0.          0.          0.          1.        ]]	[[ 0.87140965 -0.28380519  0.40012479  0.18408851]
 [ 0.48183063  0.64833081 -0.58949655 -0.03718954]
 [-0.09211104  0.70648539  0.70170778  0.37810069]
 [ 0.          0.          0.          1.        ]]	[[ 0.87090963 -0.28485063  0.40047014  0.18434995]
 [ 0.48294964  0.64691836 -0.59013236 -0.03695334]
 [-0.09097195  0.7073589   0.70097601  0.37833703]
 [ 0.          0.          0.          1.        ]]	[[ 0.87118483 -0.28716993  0.39820865  0.18411751]
 [ 0.48290065  0.64752954 -0.58950168 -0.03712511]
 [-0.08856472  0.70586014  0.70279247  0.37876034]
 [ 0.          0.          0.          1.        ]]	[[ 0.87128198 -0.28740856  0.3978239   0.18391196]
 [ 0.48278156  0.64768571 -0.58942771 -0.03707892]
 [-0.0882583   0.70561981  0.70307243  0.37886453]
 [ 0.          0.          0.          1.        ]]	[[ 0.87101644 -0.28650013  0.39905867  0.18414026]
 [ 0.48302856  0.64749926 -0.58943021 -0.03710764]
 [-0.08951834  0.70616019  0.70237029  0.37854919]
 [ 0.          0.          0.          1.        ]]	[[ 0.87097508 -0.28562585  0.39977515  0.18420243]
 [ 0.48302501  0.64671761 -0.59029049 -0.03701909]
 [-0.08993939  0.70722973  0.70123935  0.37850657]
 [ 0.          0.          0.          1.        ]]	[[ 0.87085378 -0.28621462  0.39961827  0.18438007]
 [ 0.48320955  0.64754361 -0.58923298 -0.03701231]
 [-0.09012316  0.70623523  0.70221752  0.3784478 ]
 [ 0.          0.          0.          1.        ]]	[[ 0.87142229 -0.28397712  0.39997509  0.18432525]
 [ 0.48198402  0.64725673 -0.59055054 -0.03740132]
 [-0.09118374  0.70740056  0.7009064   0.3782784 ]
 [ 0.          0.          0.          1.        ]]	[[ 0.87170643 -0.28596762  0.39793235  0.18410513]
 [ 0.48182023  0.6481927  -0.58965701 -0.03728905]
 [-0.08931403  0.70573974  0.70281875  0.37867448]
 [ 0.          0.          0.          1.        ]]	[[ 0.87166709 -0.2857227   0.39819449  0.184504  ]
 [ 0.48180971  0.64837193 -0.58946836 -0.03739319]
 [-0.08975361  0.70567423  0.70282853  0.37863252]
 [ 0.          0.          0.          1.        ]]	[[ 0.87137246 -0.28463146  0.39961863  0.1844333 ]
 [ 0.4820258   0.64846992 -0.58918422 -0.03709011]
 [-0.09144028  0.7060253   0.70225847  0.378308  ]
 [ 0.          0.          0.          1.        ]]	[[ 0.87148994 -0.28463963  0.3993564   0.18427049]
 [ 0.48187429  0.64831221 -0.58948141 -0.03720063]
 [-0.09111786  0.70616663  0.70215809  0.378313  ]
 [ 0.          0.          0.          1.        ]]	[[ 0.87084877 -0.28484848  0.40060413  0.18434221]
 [ 0.48309392  0.64649051 -0.59048307 -0.03711961]
 [-0.09078856  0.70775086  0.70060408  0.37825206]
 [ 0.          0.          0.          1.        ]]	[[ 0.87127537 -0.28342804  0.40068415  0.18461804]
 [ 0.48209116  0.6472941  -0.59042215 -0.0372159 ]
 [-0.09201829  0.70758653  0.70060951  0.37811422]
 [ 0.          0.          0.          1.        ]]	[[ 0.87135941 -0.28455752  0.39969966  0.18439679]
 [ 0.4820568   0.64826989 -0.58937883 -0.03720025]
 [-0.09140109  0.70623875  0.70204902  0.37825435]
 [ 0.          0.          0.          1.        ]]	[[ 0.871292   -0.28411937  0.40015781  0.18457773]
 [ 0.48208615  0.64816177 -0.58947355 -0.03718316]
 [-0.09188615  0.70651412  0.7017082   0.37811574]
 [ 0.          0.          0.          1.        ]]	[[ 0.87086153 -0.28553474  0.40008748  0.1843088 ]
 [ 0.4830564   0.64764732 -0.58924478 -0.03703272]
 [-0.09086573  0.70641541  0.70194054  0.37829393]
 [ 0.          0.          0.          1.        ]]	[[ 0.87145495 -0.28478107  0.39933178  0.18434064]
 [ 0.4819217   0.64855343 -0.58917725 -0.0370805 ]
 [-0.09120147  0.70588809  0.70242733  0.37837547]
 [ 0.          0.          0.          1.        ]]	[[ 0.87121242 -0.28371501  0.40061799  0.18467537]
 [ 0.48219725  0.64761394 -0.58998466 -0.03695878]
 [-0.09205832  0.70717889  0.70101595  0.37821397]
 [ 0.          0.          0.          1.        ]]	[[ 0.87128729 -0.28379643  0.40039703  0.18471447]
 [ 0.48202166  0.64823401 -0.5894469  -0.03738989]
 [-0.09226805  0.70657766  0.70159411  0.37804693]
 [ 0.          0.          0.          1.        ]]	[[ 0.87088645 -0.28573388  0.39989129  0.1843009 ]
 [ 0.48311058  0.64723349 -0.58965492 -0.03741707]
 [-0.09033865  0.70671415  0.70170784  0.37828779]
 [ 0.          0.          0.          1.        ]]	[[ 0.87142545 -0.28424925  0.39977521  0.18441129]
 [ 0.48192275  0.64809918 -0.5896762  -0.03730223]
 [-0.09147897  0.70651948  0.70175624  0.37817016]
 [ 0.          0.          0.          1.        ]]	[[ 0.87124616 -0.28360814  0.40061998  0.18450904]
 [ 0.48215067  0.64743167 -0.5902226  -0.03707318]
 [-0.09198213  0.7073884   0.70081425  0.37816951]
 [ 0.          0.          0.          1.        ]]	[[ 0.87131482 -0.28428805  0.39998817  0.18454775]
 [ 0.48207927  0.64820415 -0.58943266 -0.03718599]
 [-0.09170532  0.70640749  0.70183933  0.37817365]
 [ 0.          0.          0.          1.        ]]	[[ 0.87080246 -0.28527868  0.40039885  0.18447852]
 [ 0.48320666  0.64677882 -0.59007502 -0.03695754]
 [-0.09063368  0.70731413  0.70106506  0.37838674]
 [ 0.          0.          0.          1.        ]]	[[ 0.87132502 -0.28402039  0.40015605  0.18457587]
 [ 0.48197281  0.64851177 -0.58918118 -0.03727479]
 [-0.09216642  0.70623267  0.7019546   0.378151  ]
 [ 0.          0.          0.          1.        ]]	[[ 0.8713094  -0.28396472  0.40022978  0.1846047 ]
 [ 0.48214337  0.64729464 -0.59037882 -0.03712822]
 [-0.09141983  0.70737076  0.70090556  0.3782509 ]
 [ 0.          0.          0.          1.        ]]	[[ 0.87088835 -0.28570306  0.39990902  0.18451078]
 [ 0.48304036  0.64771342 -0.5891853  -0.03700572]
 [-0.09069437  0.70628673  0.70209211  0.37835494]
 [ 0.          0.          0.          1.        ]]	[[ 0.87086004 -0.285896    0.39983287  0.18425453]
 [ 0.48316947  0.64731616 -0.58951586 -0.03715532]
 [-0.09027804  0.70657277  0.70185786  0.37833416]
 [ 0.          0.          0.          1.        ]]	[[ 0.87129271 -0.28448993  0.39989308  0.18436486]
 [ 0.48207575  0.64878023 -0.58880138 -0.03688743]
 [-0.09193468  0.70579702  0.7024231   0.37829649]
 [ 0.          0.          0.          1.        ]]	[[ 0.87092412 -0.28555357  0.39993805  0.18422459]
 [ 0.4829514   0.64777648 -0.58918899 -0.0369621 ]
 [-0.09082544  0.70628941  0.7020725   0.37833169]
 [ 0.          0.          0.          1.        ]]	[[ 0.87129188 -0.28414559  0.40013966  0.18462548]
 [ 0.48207971  0.64825243 -0.58937919 -0.03716655]
 [-0.09192203  0.70642054  0.70179796  0.37813327]
 [ 0.          0.          0.          1.        ]]	[[ 0.87130684 -0.28423938  0.40004042  0.18465185]
 [ 0.48208612  0.64817202 -0.5894624  -0.0372073 ]
 [-0.09174655  0.70645654  0.70178449  0.37815315]
 [ 0.          0.          0.          1.        ]]	[[ 0.87128556 -0.28409657  0.40018839  0.18465415]
 [ 0.4820241   0.64867854 -0.58895582 -0.03697132]
 [-0.09227329  0.70604903  0.70212555  0.37818322]
 [ 0.          0.          0.          1.        ]]	[[ 0.87135673 -0.28421137  0.39995146  0.18454526]
 [ 0.48195904  0.64854103 -0.58916026 -0.03726808]
 [-0.0919389   0.70612907  0.70208889  0.37820756]
 [ 0.          0.          0.          1.        ]]	[[ 0.87152624 -0.28448218  0.39938951  0.18421176]
 [ 0.48179066  0.6483134  -0.58954853 -0.03722676]
 [-0.09121355  0.70622909  0.70208293  0.37828267]
 [ 0.          0.          0.          1.        ]]	[[ 0.87127584 -0.28440309  0.39999154  0.18463041]
 [ 0.48213404  0.64839482 -0.58917797 -0.03706729]
 [-0.09178844  0.70618606  0.70205122  0.37821582]
 [ 0.          0.          0.          1.        ]]	[[ 0.87135792 -0.2838704   0.40019098  0.18450883]
 [ 0.48193797  0.6481871  -0.58956683 -0.03743941]
 [-0.09203809  0.70659101  0.70161098  0.37807548]
 [ 0.          0.          0.          1.        ]]	[[ 0.87145841 -0.28444961  0.39956057  0.18440223]
 [ 0.48189002  0.64827061 -0.58951426 -0.0373756 ]
 [-0.09133627  0.70628142  0.70201433  0.37825325]
 [ 0.          0.          0.          1.        ]]	[[ 0.8709572  -0.28613248  0.39945173  0.18419361]
 [ 0.48304197  0.64754033 -0.58937413 -0.03710255]
 [-0.09002201  0.70627159  0.70219392  0.37844944]
 [ 0.          0.          0.          1.        ]]	[[ 0.87127936 -0.28410333  0.40019685  0.18469195]
 [ 0.48208639  0.64827979 -0.58934355 -0.03734369]
 [-0.09200506  0.70641232  0.70179522  0.37812772]
 [ 0.          0.          0.          1.        ]]	[[ 0.87126994 -0.28401366  0.40028095  0.18463765]
 [ 0.48210007  0.64814955 -0.58947569 -0.03721923]
 [-0.09202278  0.70656788  0.7016362   0.37808248]
 [ 0.          0.          0.          1.        ]]	[[ 0.87126511 -0.28432649  0.40006939  0.18453377]
 [ 0.482108    0.64860374 -0.58896941 -0.03698394]
 [-0.09202689  0.70602512  0.70218188  0.37822559]
 [ 0.          0.          0.          1.        ]]	[[ 0.87132102 -0.28371701  0.40038019  0.18459573]
 [ 0.48210439  0.64709896 -0.59062517 -0.03728697]
 [-0.09151521  0.70764923  0.70061219  0.37816438]
 [ 0.          0.          0.          1.        ]]	[[ 0.87088829 -0.28574449  0.39987952  0.18459077]
 [ 0.48309863  0.64732033 -0.58956927 -0.03737606]
 [-0.09038395  0.70663017  0.7017864   0.37830469]
 [ 0.          0.          0.          1.        ]]	[[ 0.8708846  -0.28506622  0.4003717   0.18444172]
 [ 0.48304528  0.64678103 -0.59020478 -0.03700294]
 [-0.09070535  0.70739782  0.70097136  0.37835464]
 [ 0.          0.          0.          1.        ]]	[[ 0.87144846 -0.28473985  0.39937547  0.18444234]
 [ 0.48191872  0.64858973 -0.58913976 -0.03706503]
 [-0.09127925  0.70587134  0.70243394  0.37836993]
 [ 0.          0.          0.          1.        ]]	[[ 0.87140501 -0.28444913  0.39967734  0.18452662]
 [ 0.48195553  0.64837223 -0.58934897 -0.03713957]
 [-0.09149988  0.70618832  0.70208657  0.37825245]
 [ 0.          0.          0.          1.        ]]	[[ 0.89185411 -0.04737799  0.44983494  0.18288358]
 [ 0.40583497  0.52296251 -0.74953866 -0.04340107]
 [-0.19973519  0.85103798  0.48563394  0.35907283]
 [ 0.          0.          0.          1.        ]]	[[ 0.89185089 -0.04586698  0.4499979   0.18331826]
 [ 0.40511811  0.52351111 -0.74954355 -0.04351053]
 [-0.20119961  0.85078341  0.48547539  0.35886714]
 [ 0.          0.          0.          1.        ]]	[[ 0.89197004 -0.04611492  0.44973645  0.18307322]
 [ 0.40503407  0.52344    -0.74963862 -0.04355695]
 [-0.20084053  0.85081375  0.48557094  0.35892645]
 [ 0.          0.          0.          1.        ]]	[[ 0.89207953 -0.04634387  0.44949561  0.18293962]
 [ 0.40491337  0.52355933 -0.74962056 -0.04371655]
 [-0.20059729  0.85072792  0.48582178  0.35900474]
 [ 0.          0.          0.          1.        ]]	[[ 0.8920275  -0.0461262   0.44962132  0.18315056]
 [ 0.40491134  0.52357268 -0.74961215 -0.04351496]
 [-0.20083268  0.85073149  0.48571828  0.35895973]
 [ 0.          0.          0.          1.        ]]	[[ 0.89187157 -0.04614919  0.44992808  0.18319084]
 [ 0.40514842  0.52370721 -0.74939013 -0.04341184]
 [-0.20104684  0.85064745  0.48577687  0.35894808]
 [ 0.          0.          0.          1.        ]]	[[ 0.89178056 -0.04557731  0.45016685  0.18330389]
 [ 0.40509439  0.52362418 -0.74947745 -0.04342246]
 [-0.20155907  0.85072947  0.48542094  0.35881498]
 [ 0.          0.          0.          1.        ]]	[[ 0.89209896 -0.04637937  0.44945353  0.18274629]
 [ 0.40484586  0.52376765 -0.7495113  -0.04343111]
 [-0.20064737  0.85059774  0.48602909  0.35904115]
 [ 0.          0.          0.          1.        ]]	[[ 0.89192319 -0.04593091  0.44984818  0.18315287]
 [ 0.40494338  0.52384758 -0.74940294 -0.04338229]
 [-0.20123112  0.85057288  0.48583123  0.35893562]
 [ 0.          0.          0.          1.        ]]	[[ 0.89197499 -0.04612535  0.4497256   0.18306755]
 [ 0.40488064  0.52407193 -0.74927992 -0.0432891 ]
 [-0.20112775  0.85042411  0.48613429  0.359009  ]
 [ 0.          0.          0.          1.        ]]	[[ 0.89190066 -0.04584499  0.44990161  0.18319273]
 [ 0.40493789  0.52388591 -0.7493791  -0.04339972]
 [-0.20134184  0.85055387  0.48581854  0.35892034]
 [ 0.          0.          0.          1.        ]]	[[ 0.89213902 -0.04635973  0.44937593  0.18301687]
 [ 0.40471011  0.52402705 -0.74940354 -0.04356696]
 [-0.200743    0.85043913  0.4862673   0.35908166]
 [ 0.          0.          0.          1.        ]]	[[ 0.89197552 -0.04594367  0.44974297  0.18311396]
 [ 0.40485615  0.52386844 -0.74943542 -0.04358131]
 [-0.20117435  0.85055923  0.48587844  0.35895288]
 [ 0.          0.          0.          1.        ]]	[[ 0.89188015 -0.04578856  0.44994786  0.18339744]
 [ 0.40497389  0.52378368 -0.74943084 -0.04359753]
 [-0.20136002  0.85061979  0.48569551  0.35889792]
 [ 0.          0.          0.          1.        ]]	[[ 0.89200896 -0.04585037  0.44968638  0.18321311]
 [ 0.40486392  0.52344483 -0.74972713 -0.04358486]
 [-0.20101073  0.85082507  0.48548064  0.3588894 ]
 [ 0.          0.          0.          1.        ]]	[[ 0.89185137 -0.04673113  0.44990811  0.18301389]
 [ 0.40508631  0.52508074 -0.74846208 -0.04333781]
 [-0.20126159  0.84976858  0.4872241   0.35895079]
 [ 0.          0.          0.          1.        ]]	[[ 0.89209497 -0.04639762  0.44945937  0.18299642]
 [ 0.40483311  0.52387989 -0.74943984 -0.04362067]
 [-0.20069049  0.85052764  0.4861339   0.35905799]
 [ 0.          0.          0.          1.        ]]	[[ 0.89198762 -0.04638305  0.44967392  0.18309447]
 [ 0.40501001  0.52386427 -0.7493552  -0.0434007 ]
 [-0.20081073  0.85053796  0.48606607  0.35903344]
 [ 0.          0.          0.          1.        ]]	[[ 0.89197803 -0.04593091  0.44973937  0.18323499]
 [ 0.40479866  0.52407259 -0.74932361 -0.04330097]
 [-0.20127898  0.85043412  0.48605403  0.35897693]
 [ 0.          0.          0.          1.        ]]	[[ 0.89200664 -0.04623587  0.44965136  0.18302052]
 [ 0.40500888  0.52348959 -0.74961758 -0.04350453]
 [-0.20072863  0.85077667  0.48568213  0.35896388]
 [ 0.          0.          0.          1.        ]]	[[ 0.89191705 -0.0456993   0.44988409  0.1830426 ]
 [ 0.40483028  0.52398294 -0.74936932 -0.04336577]
 [-0.20148593  0.85050189  0.48584977  0.35891256]
 [ 0.          0.          0.          1.        ]]	[[ 0.89199299 -0.04619861  0.44968241  0.1830385 ]
 [ 0.4049682   0.52369666 -0.74949503 -0.04348363]
 [-0.20087156  0.85065138  0.4858427   0.35898483]
 [ 0.          0.          0.          1.        ]]	[[ 0.89195549 -0.04584596  0.44979268  0.18297622]
 [ 0.40483147  0.52395123 -0.74939102 -0.04334618]
 [-0.20131288  0.85051358  0.48590106  0.35893959]
 [ 0.          0.          0.          1.        ]]	[[ 0.8920188  -0.04590113  0.44966161  0.18321486]
 [ 0.40474737  0.5239529  -0.74943513 -0.0435592 ]
 [-0.20120159  0.85050958  0.4859542   0.35896522]
 [ 0.          0.          0.          1.        ]]	[[ 0.89196467 -0.04609144  0.44974938  0.18308306]
 [ 0.40497664  0.52368152 -0.74950087 -0.04345432]
 [-0.20097984  0.85066628  0.48577139  0.35895196]
 [ 0.          0.          0.          1.        ]]	[[ 0.89192468 -0.04614401  0.44982338  0.18327542]
 [ 0.40503144  0.52381963 -0.74937487 -0.04337823]
 [-0.20104715  0.85057855  0.48589739  0.35897306]
 [ 0.          0.          0.          1.        ]]	[[ 0.89191306 -0.04587871  0.44987372  0.18311459]
 [ 0.40500948  0.52355278 -0.74957311 -0.04347401]
 [-0.20114321  0.85075718  0.48554489  0.35888699]
 [ 0.          0.          0.          1.        ]]	[[ 0.89207095 -0.04649819  0.44949669  0.1831248 ]
 [ 0.40496314  0.52366596 -0.74951899 -0.04346544]
 [-0.20053485  0.85065377  0.48597729  0.35904717]
 [ 0.          0.          0.          1.        ]]	[[ 0.89213938 -0.0463394   0.44937727  0.18284525]
 [ 0.40465569  0.52422071 -0.74929726 -0.04328536]
 [-0.20085089  0.85032076  0.48642948  0.35910413]
 [ 0.          0.          0.          1.        ]]	[[ 0.89234871 -0.04479434  0.44911814  0.18339422]
 [ 0.40363169  0.52449131 -0.74966007 -0.043625  ]
 [-0.20197806  0.85023659  0.48610961  0.35881168]
 [ 0.          0.          0.          1.        ]]	[[ 0.89195347 -0.0460455   0.4497765   0.18310472]
 [ 0.40492523  0.523902   -0.74937475 -0.04335104]
 [-0.20113344  0.85053313  0.48594111  0.35897356]
 [ 0.          0.          0.          1.        ]]	[[ 0.89190662 -0.04607345  0.44986665  0.1830101 ]
 [ 0.40502757  0.52384603 -0.74935848 -0.04336093]
 [-0.20113534  0.85056615  0.48588276  0.35895783]
 [ 0.          0.          0.          1.        ]]	[[ 0.89186311 -0.04591142  0.44996926  0.183158  ]
 [ 0.40509495  0.52359724 -0.7494958  -0.04346976]
 [-0.20119227  0.85072798  0.48557556  0.35888886]
 [ 0.          0.          0.          1.        ]]	[[ 0.89200372 -0.04603143  0.4496783   0.1830509 ]
 [ 0.40485749  0.5238108  -0.749475   -0.04341745]
 [-0.20104694  0.85059011  0.48587734  0.35896587]
 [ 0.          0.          0.          1.        ]]	[[ 0.8919782  -0.04613441  0.44971812  0.18314412]
 [ 0.40481719  0.52433193 -0.74913222 -0.04320916]
 [-0.20124081  0.85026336  0.48636869  0.35904884]
 [ 0.          0.          0.          1.        ]]	[[ 0.89177525 -0.04644598  0.45008832  0.18320099]
 [ 0.40515786  0.52483803 -0.74859345 -0.04343776]
 [-0.20145434  0.84993398  0.48685557  0.35885   ]
 [ 0.          0.          0.          1.        ]]	[[ 0.89199638 -0.0468845   0.44960472  0.18303914]
 [ 0.40497968  0.52476716 -0.74873972 -0.04345959]
 [-0.20083347  0.84995377  0.48707765  0.35895088]
 [ 0.          0.          0.          1.        ]]	[[ 0.89206088 -0.0462289   0.44954458  0.18296872]
 [ 0.40475652  0.52416426 -0.74928242 -0.04326193]
 [-0.20099667  0.85036159  0.48629782  0.35906112]
 [ 0.          0.          0.          1.        ]]	[[ 0.89207768 -0.04630963  0.44950274  0.18307166]
 [ 0.40471819  0.5243417  -0.74917883 -0.043225  ]
 [-0.20099889  0.85024774  0.48649597  0.35909989]
 [ 0.          0.          0.          1.        ]]	[[ 0.89188272 -0.04558778  0.44996333  0.18305404]
 [ 0.4048658   0.52388823 -0.74941629 -0.0435943 ]
 [-0.20156626  0.85056615  0.4857038   0.35887313]
 [ 0.          0.          0.          1.        ]]	[[ 0.89196122 -0.0460585   0.44975972  0.18309747]
 [ 0.40494978  0.52376521 -0.749457   -0.04338589]
 [-0.20104963  0.85061669  0.48582962  0.35895705]
 [ 0.          0.          0.          1.        ]]	[[ 0.89203566 -0.04657026  0.44955927  0.18301091]
 [ 0.40506369  0.52360934 -0.74950427 -0.04347604]
 [-0.20048885  0.8506847   0.48594216  0.35904258]
 [ 0.          0.          0.          1.        ]]	[[ 0.8921591  -0.04661123  0.44931     0.18293893]
 [ 0.40487182  0.52361816 -0.7496019  -0.0434679 ]
 [-0.20032699  0.85067701  0.48602229  0.35907912]
 [ 0.          0.          0.          1.        ]]	[[ 0.89194167 -0.04581313  0.4498235   0.18325174]
 [ 0.40482643  0.52401489 -0.749349   -0.0435481 ]
 [-0.2013842   0.85047603  0.48593712  0.35894531]
 [ 0.          0.          0.          1.        ]]	[[ 0.8918913  -0.04581556  0.44992319  0.18320408]
 [ 0.40506047  0.52338463 -0.74966305 -0.04357734]
 [-0.20113665  0.85086393  0.48536023  0.35884979]
 [ 0.          0.          0.          1.        ]]	[[ 0.89208913 -0.04615349  0.44949639  0.18308274]
 [ 0.40477318  0.52376908 -0.74954969 -0.04348493]
 [-0.20083797  0.85060918  0.48593038  0.35900205]
 [ 0.          0.          0.          1.        ]]	[[ 0.89195204 -0.04602047  0.44978172  0.18303925]
 [ 0.4048906   0.5240162  -0.74931353 -0.04330861]
 [-0.20120913  0.85046405  0.48603055  0.35897902]
 [ 0.          0.          0.          1.        ]]	[[ 0.89184058 -0.04581963  0.45002353  0.18330094]
 [ 0.40501356  0.52394795 -0.749295   -0.04348182]
 [-0.20145646  0.85051727  0.48583555  0.35891467]
 [ 0.          0.          0.          1.        ]]	[[ 0.89192641 -0.04702083  0.44972903  0.18295163]
 [ 0.40512621  0.5248661  -0.74859101 -0.04342237]
 [-0.20084816  0.84988511  0.48719132  0.35899144]
 [ 0.          0.          0.          1.        ]]	[[ 0.89192474 -0.04574763  0.44986385  0.18320161]
 [ 0.40481129  0.52408946 -0.74930507 -0.04352013]
 [-0.20148996  0.85043365  0.48596749  0.35893583]
 [ 0.          0.          0.          1.        ]]	[[ 0.64575821 -0.66580987  0.37375593  0.15928413]
 [ 0.76256925  0.58708489 -0.27169704 -0.00894037]
 [-0.03852788  0.4604654   0.88684106  0.38285968]
 [ 0.          0.          0.          1.        ]]	[[ 0.64576095 -0.66583306  0.37371007  0.15912145]
 [ 0.76258528  0.58688617 -0.27208146 -0.00907731]
 [-0.03816439  0.46068537  0.88674259  0.38283455]
 [ 0.          0.          0.          1.        ]]	[[ 0.64574409 -0.66631103  0.37288642  0.15935923]
 [ 0.76260412  0.58715463 -0.27144864 -0.00920043]
 [-0.03807275  0.45965111  0.88728315  0.38276792]
 [ 0.          0.          0.          1.        ]]	[[ 0.64565736 -0.66571838  0.37409306  0.1593058 ]
 [ 0.76265854  0.58682817 -0.27200103 -0.00904489]
 [-0.03845225  0.46092474  0.8866058   0.38277227]
 [ 0.          0.          0.          1.        ]]	[[ 0.64581537 -0.66677094  0.37193975  0.15928054]
 [ 0.76256597  0.58732307 -0.27119115 -0.00930911]
 [-0.0376264   0.45876801  0.88775909  0.38296831]
 [ 0.          0.          0.          1.        ]]	[[ 0.64567506 -0.66692352  0.37190968  0.15943994]
 [ 0.76269341  0.58712769 -0.27125585 -0.00912619]
 [-0.03745158  0.4587962   0.88775188  0.38297632]
 [ 0.          0.          0.          1.        ]]	[[ 0.64565825 -0.66566682  0.37418351  0.15935057]
 [ 0.76264191  0.58698207 -0.27171561 -0.00892083]
 [-0.03876694  0.46080339  0.88665515  0.38277689]
 [ 0.          0.          0.          1.        ]]	[[ 0.64584643 -0.66635633  0.37262803  0.15916306]
 [ 0.76255786  0.5868423  -0.27225304 -0.00914226]
 [-0.03725633  0.45998409  0.88714522  0.38302737]
 [ 0.          0.          0.          1.        ]]	[[ 0.64570123 -0.66650164  0.37261984  0.15943667]
 [ 0.76265907  0.58700573 -0.27161613 -0.0089196 ]
 [-0.03769737  0.45956478  0.88734382  0.38308626]
 [ 0.          0.          0.          1.        ]]	[[ 0.64564472 -0.66564196  0.37425062  0.15929884]
 [ 0.76266629  0.58678895 -0.27206379 -0.00910174]
 [-0.03850906  0.4610849   0.88651997  0.38273785]
 [ 0.          0.          0.          1.        ]]	[[ 0.64570749 -0.66604584  0.3734231   0.15923412]
 [ 0.76258034  0.58756089 -0.27063483 -0.00887576]
 [-0.03915359  0.45951605  0.88730597  0.3827363 ]
 [ 0.          0.          0.          1.        ]]	[[ 0.64593989 -0.66697812  0.37135142  0.15934257]
 [ 0.76248425  0.58736235 -0.27133629 -0.00914941]
 [-0.03714243  0.45841649  0.88796103  0.38306847]
 [ 0.          0.          0.          1.        ]]	[[ 0.64576226 -0.66635382  0.37277845  0.159482  ]
 [ 0.76261055  0.58694816 -0.27187702 -0.00899594]
 [-0.03763536  0.45985267  0.88719738  0.38303548]
 [ 0.          0.          0.          1.        ]]	[[ 0.64563733 -0.66611713  0.37341714  0.15977561]
 [ 0.76271117  0.58665842 -0.2722196  -0.00914739]
 [-0.03773817  0.46056458  0.88682365  0.38288602]
 [ 0.          0.          0.          1.        ]]	[[ 0.64560717 -0.66535962  0.37481707  0.15955758]
 [ 0.76267755  0.58677369 -0.27206507 -0.00903822]
 [-0.0389117   0.46151176  0.88628018  0.38263085]
 [ 0.          0.          0.          1.        ]]	[[ 0.64687109 -0.66535455  0.37264085  0.15958628]
 [ 0.76166761  0.58784306 -0.27258584 -0.00947903]
 [-0.03768812  0.46015632  0.88703763  0.38289803]
 [ 0.          0.          0.          1.        ]]	[[ 0.64585459 -0.66640007  0.37253582  0.15941963]
 [ 0.76254135  0.58700401 -0.27195039 -0.00901619]
 [-0.03745225  0.45971429  0.88727677  0.38307464]
 [ 0.          0.          0.          1.        ]]	[[ 0.64566106 -0.66624916  0.37314069  0.15951917]
 [ 0.76268691  0.58684069 -0.27189466 -0.00903591]
 [-0.03782456  0.4601413   0.88703966  0.38296503]
 [ 0.          0.          0.          1.        ]]	[[ 0.64590257 -0.66671127  0.37189505  0.15914731]
 [ 0.76252472  0.58700287 -0.2719993  -0.00907212]
 [-0.03695846  0.45926422  0.88753051  0.3831889 ]
 [ 0.          0.          0.          1.        ]]	[[ 0.64572752 -0.66561079  0.37416324  0.1591628 ]
 [ 0.76258165  0.5870589  -0.27171883 -0.00894426]
 [-0.03879686  0.46078634  0.8866626   0.382781  ]
 [ 0.          0.          0.          1.        ]]	[[ 0.64562577 -0.6655038   0.37452915  0.15959884]
 [ 0.76264846  0.58706445 -0.27151915 -0.00903143]
 [-0.03917569  0.46093383  0.88656926  0.38273132]
 [ 0.          0.          0.          1.        ]]	[[ 0.64585084 -0.66638678  0.37256601  0.1592918 ]
 [ 0.76255971  0.58680165 -0.27233505 -0.00918785]
 [-0.03714187  0.45999166  0.88714606  0.38303238]
 [ 0.          0.          0.          1.        ]]	[[ 0.64569259 -0.66544801  0.37451288  0.1594868 ]
 [ 0.76260304  0.5869875  -0.2718128  -0.00915166]
 [-0.0389571   0.46111226  0.88648629  0.38270748]
 [ 0.          0.          0.          1.        ]]	[[ 0.64578336 -0.66706997  0.37145877  0.15950775]
 [ 0.76261383  0.58724028 -0.27123594 -0.00911553]
 [-0.03720222  0.45843929  0.88794678  0.38306096]
 [ 0.          0.          0.          1.        ]]	[[ 0.64556891 -0.66627336  0.37325677  0.15935603]
 [ 0.76272845  0.58716339 -0.27108032 -0.00904973]
 [-0.03854913  0.45969459  0.88724005  0.38273364]
 [ 0.          0.          0.          1.        ]]	[[ 0.64572197 -0.66557676  0.37423331  0.1591928 ]
 [ 0.76258433  0.5870499  -0.27173057 -0.00894937]
 [-0.03883611  0.46084684  0.8866294   0.38276792]
 [ 0.          0.          0.          1.        ]]	[[ 0.64575648 -0.66684872  0.3719025   0.15948205]
 [ 0.76262224  0.58721709 -0.27126274 -0.00909216]
 [-0.0374963   0.45879078  0.88775289  0.38297421]
 [ 0.          0.          0.          1.        ]]	[[ 0.64567602 -0.66640222  0.37284124  0.15922222]
 [ 0.76264423  0.58733416 -0.27094695 -0.00902387]
 [-0.03842273  0.45928919  0.88745546  0.3828181 ]
 [ 0.          0.          0.          1.        ]]	[[ 0.64563459 -0.66614479  0.37337276  0.15944979]
 [ 0.76266021  0.5873149  -0.27094373 -0.00902241]
 [-0.03879964  0.4596872   0.8872329   0.38271916]
 [ 0.          0.          0.          1.        ]]	[[ 0.64590675 -0.66677099  0.37178072  0.15925512]
 [ 0.76249069  0.58742642 -0.27117866 -0.00923207]
 [-0.03757977  0.45863554  0.88782948  0.38299945]
 [ 0.          0.          0.          1.        ]]	[[ 0.64592212 -0.66634846  0.37251103  0.15926923]
 [ 0.76250076  0.58685851 -0.27237797 -0.00939522]
 [-0.03711261  0.45997488  0.88715601  0.38303667]
 [ 0.          0.          0.          1.        ]]	[[ 0.64575785 -0.66633564  0.37281823  0.15949881]
 [ 0.76262432  0.58680356 -0.27215007 -0.00910558]
 [-0.03742777  0.46006334  0.88709688  0.38300604]
 [ 0.          0.          0.          1.        ]]	[[ 0.64583242 -0.666839    0.37178791  0.15925378]
 [ 0.7625646   0.58723778 -0.27137971 -0.00916518]
 [-0.03736132  0.45877814  0.88776505  0.38298035]
 [ 0.          0.          0.          1.        ]]	[[ 0.64577067 -0.66636032  0.37275225  0.15947655]
 [ 0.76260579  0.58693522 -0.27191809 -0.00900475]
 [-0.037586    0.45985973  0.88719571  0.38303626]
 [ 0.          0.          0.          1.        ]]	[[ 0.6457544  -0.66687691  0.37185544  0.15945852]
 [ 0.7626161   0.58733052 -0.27103388 -0.00902722]
 [-0.03765582  0.45860428  0.88784242  0.38299841]
 [ 0.          0.          0.          1.        ]]	[[ 0.64584941 -0.66690439  0.37164119  0.15919431]
 [ 0.76255393  0.58726287 -0.27135506 -0.00911998]
 [-0.0372832   0.45865098  0.88783407  0.38301399]
 [ 0.          0.          0.          1.        ]]	[[ 0.64564663 -0.66622901  0.3732014   0.15937392]
 [ 0.76266831  0.58717448 -0.27122506 -0.00911009]
 [-0.03843632  0.45974445  0.88721895  0.38272661]
 [ 0.          0.          0.          1.        ]]	[[ 0.6456672  -0.66628927  0.37305847  0.15940496]
 [ 0.76268047  0.58689326 -0.27179906 -0.00895471]
 [-0.03784868  0.46001613  0.88710344  0.38299039]
 [ 0.          0.          0.          1.        ]]	[[ 0.64586848 -0.66649479  0.37234217  0.15919599]
 [ 0.76254648  0.58688527 -0.27219236 -0.0091258 ]
 [-0.03710733  0.45972869  0.88728392  0.38308975]
 [ 0.          0.          0.          1.        ]]	[[ 0.64687043 -0.66534317  0.3726621   0.15965742]
 [ 0.76165473  0.58799636 -0.27229103 -0.00935078]
 [-0.03795697  0.45997688  0.88711923  0.38292018]
 [ 0.          0.          0.          1.        ]]	[[ 0.64581627 -0.66620994  0.37294194  0.15947425]
 [ 0.76256269  0.58694482 -0.27201781 -0.00924109]
 [-0.03767538  0.46006513  0.88708538  0.38298857]
 [ 0.          0.          0.          1.        ]]	[[ 0.64577258 -0.66646993  0.37255263  0.15940879]
 [ 0.76260865  0.5869621  -0.2718519  -0.00921088]
 [-0.03749314  0.45966637  0.88729978  0.38307828]
 [ 0.          0.          0.          1.        ]]	[[ 0.64568424 -0.666408    0.37281662  0.15952075]
 [ 0.76268369  0.58678758 -0.27201805 -0.00909439]
 [-0.03748919  0.459979    0.88713813  0.38301623]
 [ 0.          0.          0.          1.        ]]	[[ 0.6455701  -0.66627431  0.37325311  0.15946048]
 [ 0.76272988  0.58713639 -0.27113432 -0.00926936]
 [-0.03850065  0.45972753  0.88722503  0.38273013]
 [ 0.          0.          0.          1.        ]]	[[ 0.64564675 -0.66621798  0.37322092  0.15938483]
 [ 0.76265186  0.5873614  -0.27086642 -0.00898883]
 [-0.03875948  0.45952174  0.88732052  0.38275507]
 [ 0.          0.          0.          1.        ]]	[[ 0.64578325 -0.66649234  0.37249428  0.1592814 ]
 [ 0.76260853  0.58688456 -0.27201948 -0.00905311]
 [-0.03731225  0.45973298  0.88727307  0.38307777]
 [ 0.          0.          0.          1.        ]]	[[ 0.64565122 -0.66572088  0.37409934  0.15941088]
 [ 0.76264971  0.58698839 -0.27167994 -0.00913589]
 [-0.03872895  0.4607172   0.88670152  0.38279918]
 [ 0.          0.          0.          1.        ]]	[[ 0.64550173 -0.66528195  0.37513652  0.15971114]
 [ 0.76275837  0.58666885 -0.27206513 -0.00907533]
 [-0.0390809   0.461757    0.88614511  0.3825725 ]
 [ 0.          0.          0.          1.        ]]	[[ 0.64591575 -0.66577542  0.37354505  0.15901916]
 [ 0.76244575  0.58716691 -0.27186641 -0.00919024]
 [-0.0383313   0.46041065  0.88687801  0.38288137]
 [ 0.          0.          0.          1.        ]]	[[ 0.64557379 -0.66629064  0.37321758  0.15926287]
 [ 0.76270831  0.58737338 -0.27068135 -0.00887134]
 [-0.03886563  0.45940101  0.88737833  0.38277301]
 [ 0.          0.          0.          1.        ]]
