Probability Method 1
X_cal1: 
2.28061e-320 6.95335e-310 1.09781e-320 6.95336e-310
6.95335e-310 6.95335e-310 6.95335e-310 6.95336e-310
6.95335e-310 6.95335e-310 6.95335e-310 6.95335e-310
2.36872e-315 6.95335e-310 6.95336e-310 6.95336e-310
Y_cal1: 
6.95335e-310 3.70113e-317 6.95335e-310 5.92879e-323
6.95335e-310 6.95336e-310 6.95336e-310 6.95335e-310
6.95335e-310            0 2.05543e-314 2.05171e-314
2.36872e-315 6.95336e-310 6.95335e-310            0
Z_cal1: 
2.44019e-320 6.95335e-310 2.44217e-320 6.95336e-310
6.95335e-310 6.95335e-310 6.95335e-310 6.95335e-310
6.95335e-310 6.95335e-310 6.95335e-310 6.95335e-310
4.02248e-315 6.95335e-310 6.95336e-310 6.95335e-310
Probability Method 3 - Iterative Refinement
X_cal2: 
1 0 0 0
0 1 0 0
0 0 1 0
0 0 0 1
Y_cal2: 
1 0 0 0
0 1 0 0
0 0 1 0
0 0 0 1
Z_cal2: 
1 0 0 0
0 1 0 0
0 0 1 0
0 0 0 1
Probability Method 1
X_cal1: 
6.91759e-310 6.91759e-310 6.91759e-310 6.91759e-310
2.36872e-315 6.91759e-310 6.95273e-310 6.91759e-310
6.91759e-310 1.09781e-320 6.95273e-310 9.28349e-321
6.91759e-310 6.91759e-310 6.91759e-310 6.91759e-310
Y_cal1: 
6.91759e-310 6.91749e-310 9.30886e-315            0
2.36872e-315 6.95273e-310 6.91759e-310            0
3.70113e-317 6.91759e-310 5.92879e-323 6.91759e-310
6.95273e-310 6.95273e-310 6.95273e-310 2.36872e-315
Z_cal1: 
6.91759e-310 6.95273e-310 6.91759e-310 6.91759e-310
6.95273e-310 6.91759e-310 4.02248e-315 6.91759e-310
6.91759e-310 2.47033e-323 6.91759e-310 2.44217e-320
6.95273e-310 6.91759e-310 6.91759e-310 6.91759e-310
Probability Method 3 - Iterative Refinement
X_cal2: 
1 0 0 0
0 1 0 0
0 0 1 0
0 0 0 1
Y_cal2: 
1 0 0 0
0 1 0 0
0 0 1 0
0 0 0 1
Z_cal2: 
1 0 0 0
0 1 0 0
0 0 1 0
0 0 0 1
Probability Method 1
X_cal1: 
6.93054e-310 6.93054e-310 6.93054e-310 6.93054e-310
2.36872e-315 6.93054e-310 6.95334e-310 6.93054e-310
6.93054e-310 1.09781e-320 6.95334e-310 9.28349e-321
6.93054e-310 6.93054e-310 6.93054e-310 6.93054e-310
Y_cal1: 
6.93054e-310 6.93044e-310 1.03476e-314            0
2.36872e-315 6.95334e-310 6.93054e-310            0
3.70113e-317 6.93054e-310 5.92879e-323 6.93054e-310
6.95334e-310 6.95334e-310 6.95334e-310 2.36872e-315
Z_cal1: 
6.93054e-310 6.95334e-310 6.93054e-310 6.93054e-310
6.95334e-310 6.93054e-310 4.02248e-315 6.93054e-310
6.93054e-310 2.47033e-323 6.93054e-310 2.44217e-320
6.95334e-310 6.93054e-310 6.93054e-310 6.93054e-310
Probability Method 3 - Iterative Refinement
X_cal2: 
1 0 0 0
0 1 0 0
0 0 1 0
0 0 0 1
Y_cal2: 
1 0 0 0
0 1 0 0
0 0 1 0
0 0 0 1
Z_cal2: 
1 0 0 0
0 1 0 0
0 0 1 0
0 0 0 1
Probability Method 1
X_cal1: 
2.28061e-320 6.95335e-310 1.09781e-320 6.95336e-310
6.95335e-310 6.95335e-310 6.95335e-310 6.95336e-310
6.95335e-310 6.95335e-310 6.95335e-310 6.95335e-310
2.36872e-315 6.95335e-310 6.95336e-310 6.95336e-310
Y_cal1: 
6.95335e-310 3.70113e-317 6.95335e-310 5.92879e-323
6.95335e-310 6.95336e-310 6.95336e-310 6.95335e-310
6.95335e-310            0 2.05543e-314 2.05171e-314
2.36872e-315 6.95336e-310 6.95335e-310            0
Z_cal1: 
2.44019e-320 6.95335e-310 2.44217e-320 6.95336e-310
6.95335e-310 6.95335e-310 6.95335e-310 6.95335e-310
6.95335e-310 6.95335e-310 6.95335e-310 6.95335e-310
4.02248e-315 6.95335e-310 6.95336e-310 6.95335e-310
Probability Method 3 - Iterative Refinement
X_cal2: 
1 0 0 0
0 1 0 0
0 0 1 0
0 0 0 1
Y_cal2: 
1 0 0 0
0 1 0 0
0 0 1 0
0 0 0 1
Z_cal2: 
1 0 0 0
0 1 0 0
0 0 1 0
0 0 0 1
Probability Method 1
X_cal1: 
4.67373e-310     0.923298     0.384026     0.976204
           0    -0.322018     0.783467    -0.077586
    0.847037     0.209346    -0.488573     0.700049
           0            0            0            1
Y_cal1: 
    0.114961     -0.62857     0.146382     -1.38521
    0.943025    0.0756582    -0.636914    -0.427328
    0.486767    0.0355715     0.865356      1.74221
 3.63726e-17 -5.02367e-17 -2.65579e-17            1
Z_cal1: 
4.67373e-310    -0.200634     0.978563    -0.607627
           0    -0.927577    -0.205014    -0.180352
    0.948826     0.315193    0.0195631    -0.807401
          -0            0           -0            1
Probability Method 3 - Iterative Refinement
X_cal2: 
1 0 0 0
0 1 0 0
0 0 1 0
0 0 0 1
Y_cal2: 
1 0 0 0
0 1 0 0
0 0 1 0
0 0 0 1
Z_cal2: 
1 0 0 0
0 1 0 0
0 0 1 0
0 0 0 1
Probability Method 1
X_cal1: 
4.63557e-310     0.923298     0.384026     0.976204
           0    -0.322018     0.783467    -0.077586
    0.847037     0.209346    -0.488573     0.700049
           0            0            0            1
Y_cal1: 
    0.114961     -0.62857     0.146382     -1.38521
    0.943025    0.0756582    -0.636914    -0.427328
    0.486767    0.0355715     0.865356      1.74221
 3.63726e-17 -5.02367e-17 -2.65579e-17            1
Z_cal1: 
4.63557e-310    -0.200634     0.978563    -0.607627
           0    -0.927577    -0.205014    -0.180352
    0.948826     0.315193    0.0195631    -0.807401
          -0            0           -0            1
Probability Method 3 - Iterative Refinement
X_cal2: 
1 0 0 0
0 1 0 0
0 0 1 0
0 0 0 1
Y_cal2: 
1 0 0 0
0 1 0 0
0 0 1 0
0 0 0 1
Z_cal2: 
1 0 0 0
0 1 0 0
0 0 1 0
0 0 0 1
Probability Method 1
X_cal1: 
4.68887e-310     0.923298     0.384026     0.976204
           0    -0.322018     0.783467    -0.077586
    0.847037     0.209346    -0.488573     0.700049
           0            0            0            1
Y_cal1: 
    0.114961     -0.62857     0.146382     -1.38521
    0.943025    0.0756582    -0.636914    -0.427328
    0.486767    0.0355715     0.865356      1.74221
 3.63726e-17 -5.02367e-17 -2.65579e-17            1
Z_cal1: 
4.68887e-310    -0.200634     0.978563    -0.607627
           0    -0.927577    -0.205014    -0.180352
    0.948826     0.315193    0.0195631    -0.807401
          -0            0           -0            1
Probability Method 3 - Iterative Refinement
X_cal2: 
1 0 0 0
0 1 0 0
0 0 1 0
0 0 0 1
Y_cal2: 
1 0 0 0
0 1 0 0
0 0 1 0
0 0 0 1
Z_cal2: 
1 0 0 0
0 1 0 0
0 0 1 0
0 0 0 1
Probability Method 1
X_cal1: 
4.63557e-310     0.923298     0.384026     0.976204
           0    -0.322018     0.783467    -0.077586
    0.847037     0.209346    -0.488573     0.700049
           0            0            0            1
Y_cal1: 
    0.114961     -0.62857     0.146382     -1.38521
    0.943025    0.0756582    -0.636914    -0.427328
    0.486767    0.0355715     0.865356      1.74221
 3.63726e-17 -5.02367e-17 -2.65579e-17            1
Z_cal1: 
4.63557e-310    -0.200634     0.978563    -0.607627
           0    -0.927577    -0.205014    -0.180352
    0.948826     0.315193    0.0195631    -0.807401
          -0            0           -0            1
Probability Method 3 - Iterative Refinement
X_cal2: 
1 0 0 0
0 1 0 0
0 0 1 0
0 0 0 1
Y_cal2: 
1 0 0 0
0 1 0 0
0 0 1 0
0 0 0 1
Z_cal2: 
1 0 0 0
0 1 0 0
0 0 1 0
0 0 0 1
